URL,EXTRACTED VALUE
"/media/Dados/bases/SWDE/restaurant/restaurant-fodors/0744.htm","Fodor's Kaua'i, 3rd Edition"
"/media/Dados/bases/SWDE/restaurant/restaurant-fodors/0727.htm","Fodor's Oahu, 3rd Edition"
"/media/Dados/bases/SWDE/restaurant/restaurant-fodors/1746.htm","Fodor's Texas, 1st Edition"
"/media/Dados/bases/SWDE/restaurant/restaurant-fodors/1733.htm","Fodor's Texas, 1st Edition"
"/media/Dados/bases/SWDE/restaurant/restaurant-fodors/0939.htm","Fodor's Virginia & Maryland, 10th Edition"
"/media/Dados/bases/SWDE/restaurant/restaurant-fodors/0364.htm",Fodor's Northern California 2010
"/media/Dados/bases/SWDE/restaurant/restaurant-fodors/0249.htm",Fodor's Southern California 2010
"/media/Dados/bases/SWDE/restaurant/restaurant-fodors/1433.htm","Fodor's New York State, 2nd Edition"
"/media/Dados/bases/SWDE/restaurant/restaurant-fodors/0706.htm","Fodor's Oahu, 3rd Edition"
"/media/Dados/bases/SWDE/restaurant/restaurant-fodors/0990.htm",Fodor's Boston 2011
"/media/Dados/bases/SWDE/restaurant/restaurant-fodors/0239.htm",Fodor's Southern California 2010
"/media/Dados/bases/SWDE/restaurant/restaurant-fodors/0273.htm",Fodor's Southern California 2010
"/media/Dados/bases/SWDE/restaurant/restaurant-fodors/1891.htm","Fodor's Pacific Northwest, 17th Edition"
"/media/Dados/bases/SWDE/restaurant/restaurant-fodors/0215.htm",Fodor's Southern California 2010
"/media/Dados/bases/SWDE/restaurant/restaurant-fodors/0118.htm",Fodor's Northern California 2010
"/media/Dados/bases/SWDE/restaurant/restaurant-fodors/1425.htm","Fodor's New York State, 2nd Edition"
"/media/Dados/bases/SWDE/restaurant/restaurant-fodors/0107.htm",Fodor's Arizona & the Grand Canyon 2010
"/media/Dados/bases/SWDE/restaurant/restaurant-fodors/0061.htm",Fodor's Arizona & the Grand Canyon 2010
"/media/Dados/bases/SWDE/restaurant/restaurant-fodors/0900.htm","Fodor's Maine Coast, 3rd Edition"
"/media/Dados/bases/SWDE/restaurant/restaurant-fodors/0050.htm",Fodor's Arizona & the Grand Canyon 2010
"/media/Dados/bases/SWDE/restaurant/restaurant-fodors/0992.htm",Fodor's Boston 2011
"/media/Dados/bases/SWDE/restaurant/restaurant-fodors/0184.htm",Fodor's Southern California 2010
"/media/Dados/bases/SWDE/restaurant/restaurant-fodors/1101.htm","Fodor's Montana & Wyoming, 4th Edition"
"/media/Dados/bases/SWDE/restaurant/restaurant-fodors/1587.htm","Compass American Guides: Pennsylvania, 3rd Edition"
"/media/Dados/bases/SWDE/restaurant/restaurant-fodors/1345.htm","Fodor's New York City's 25 Best, 8th Edition"
"/media/Dados/bases/SWDE/restaurant/restaurant-fodors/1392.htm","Fodor's New York State, 2nd Edition"
"/media/Dados/bases/SWDE/restaurant/restaurant-fodors/0357.htm",Fodor's Southern California 2010
"/media/Dados/bases/SWDE/restaurant/restaurant-fodors/0747.htm","Fodor's Exploring Hawaii, 5th Edition"
"/media/Dados/bases/SWDE/restaurant/restaurant-fodors/0075.htm",Fodor's Arizona & the Grand Canyon 2010
"/media/Dados/bases/SWDE/restaurant/restaurant-fodors/0917.htm","Fodor's Virginia & Maryland, 10th Edition"
"/media/Dados/bases/SWDE/restaurant/restaurant-fodors/1757.htm","Fodor's Texas, 1st Edition"
"/media/Dados/bases/SWDE/restaurant/restaurant-fodors/1846.htm","Fodor's New England, 29th Edition"
"/media/Dados/bases/SWDE/restaurant/restaurant-fodors/1742.htm","Fodor's Texas, 1st Edition"
"/media/Dados/bases/SWDE/restaurant/restaurant-fodors/1178.htm",Fodor's Las Vegas 2010
"/media/Dados/bases/SWDE/restaurant/restaurant-fodors/1187.htm","Fodor's New England, 29th Edition"
"/media/Dados/bases/SWDE/restaurant/restaurant-fodors/0138.htm",Fodor's Northern California 2010
"/media/Dados/bases/SWDE/restaurant/restaurant-fodors/1598.htm","Fodor's Philadelphia & the Pennsylvania Dutch Country, 16th Edition"
"/media/Dados/bases/SWDE/restaurant/restaurant-fodors/1624.htm","Fodor's Philadelphia & the Pennsylvania Dutch Country, 16th Edition"
"/media/Dados/bases/SWDE/restaurant/restaurant-fodors/0716.htm","Fodor's Oahu, 3rd Edition"
"/media/Dados/bases/SWDE/restaurant/restaurant-fodors/1914.htm","Fodor's Seattle's 25 Best, 4th Edition"
"/media/Dados/bases/SWDE/restaurant/restaurant-fodors/0648.htm","Fodor's The Carolinas & Georgia, 18th Edition"
"/media/Dados/bases/SWDE/restaurant/restaurant-fodors/1955.htm","Fodor's Pacific Northwest, 17th Edition"
"/media/Dados/bases/SWDE/restaurant/restaurant-fodors/1261.htm","Fodor's New Mexico, 7th Edition"
"/media/Dados/bases/SWDE/restaurant/restaurant-fodors/1359.htm","Fodor's New York City's 25 Best, 8th Edition"
"/media/Dados/bases/SWDE/restaurant/restaurant-fodors/1131.htm",Fodor's Las Vegas 2010
"/media/Dados/bases/SWDE/restaurant/restaurant-fodors/0140.htm",Fodor's Southern California 2010
"/media/Dados/bases/SWDE/restaurant/restaurant-fodors/0134.htm",Fodor's Northern California 2010
"/media/Dados/bases/SWDE/restaurant/restaurant-fodors/1912.htm","Fodor's Seattle's 25 Best, 4th Edition"
"/media/Dados/bases/SWDE/restaurant/restaurant-fodors/1597.htm","Fodor's Philadelphia & the Pennsylvania Dutch Country, 16th Edition"
"/media/Dados/bases/SWDE/restaurant/restaurant-fodors/1591.htm","Compass American Guides: Pennsylvania, 3rd Edition"
"/media/Dados/bases/SWDE/restaurant/restaurant-fodors/0711.htm","Fodor's Oahu, 3rd Edition"
"/media/Dados/bases/SWDE/restaurant/restaurant-fodors/1754.htm","Fodor's Texas, 1st Edition"
"/media/Dados/bases/SWDE/restaurant/restaurant-fodors/1134.htm",Fodor's Las Vegas 2010
"/media/Dados/bases/SWDE/restaurant/restaurant-fodors/0810.htm",Fodor's Chicago 2010
"/media/Dados/bases/SWDE/restaurant/restaurant-fodors/1872.htm","Fodor's Virginia & Maryland, 10th Edition"
"/media/Dados/bases/SWDE/restaurant/restaurant-fodors/1590.htm","Compass American Guides: Pennsylvania, 3rd Edition"
"/media/Dados/bases/SWDE/restaurant/restaurant-fodors/1148.htm",Fodor's Las Vegas 2010
"/media/Dados/bases/SWDE/restaurant/restaurant-fodors/1465.htm","Fodor's The Carolinas & Georgia, 18th Edition"
"/media/Dados/bases/SWDE/restaurant/restaurant-fodors/0089.htm",Fodor's Arizona & the Grand Canyon 2010
"/media/Dados/bases/SWDE/restaurant/restaurant-fodors/0938.htm","Fodor's Virginia & Maryland, 10th Edition"
"/media/Dados/bases/SWDE/restaurant/restaurant-fodors/1269.htm","Fodor's New Mexico, 7th Edition"
"/media/Dados/bases/SWDE/restaurant/restaurant-fodors/0177.htm",Fodor's Southern California 2010
"/media/Dados/bases/SWDE/restaurant/restaurant-fodors/0225.htm",Fodor's Southern California 2010
"/media/Dados/bases/SWDE/restaurant/restaurant-fodors/0921.htm","Fodor's Virginia & Maryland, 10th Edition"
"/media/Dados/bases/SWDE/restaurant/restaurant-fodors/1833.htm","Fodor's Utah, 4th Edition"
"/media/Dados/bases/SWDE/restaurant/restaurant-fodors/1609.htm","Fodor's Philadelphia & the Pennsylvania Dutch Country, 16th Edition"
"/media/Dados/bases/SWDE/restaurant/restaurant-fodors/1398.htm","Fodor's New York State, 2nd Edition"
"/media/Dados/bases/SWDE/restaurant/restaurant-fodors/1107.htm","Fodor's Montana & Wyoming, 4th Edition"
"/media/Dados/bases/SWDE/restaurant/restaurant-fodors/0925.htm","Fodor's Virginia & Maryland, 10th Edition"
"/media/Dados/bases/SWDE/restaurant/restaurant-fodors/1470.htm","Fodor's The Carolinas & Georgia, 18th Edition"
"/media/Dados/bases/SWDE/restaurant/restaurant-fodors/0169.htm",Fodor's Southern California 2010
"/media/Dados/bases/SWDE/restaurant/restaurant-fodors/1986.htm","Compass American Guides: Wyoming, 5th Edition"
"/media/Dados/bases/SWDE/restaurant/restaurant-fodors/1195.htm","Fodor's New England, 29th Edition"
"/media/Dados/bases/SWDE/restaurant/restaurant-fodors/1135.htm",Fodor's Las Vegas 2010
"/media/Dados/bases/SWDE/restaurant/restaurant-fodors/1613.htm","Fodor's Philadelphia & the Pennsylvania Dutch Country, 16th Edition"
"/media/Dados/bases/SWDE/restaurant/restaurant-fodors/1251.htm","Fodor's Santa Fe, Taos & Albuquerque, 2nd Edition"
"/media/Dados/bases/SWDE/restaurant/restaurant-fodors/1725.htm","Fodor's Texas, 1st Edition"
"/media/Dados/bases/SWDE/restaurant/restaurant-fodors/1316.htm","Fodor's New York State, 2nd Edition"
"/media/Dados/bases/SWDE/restaurant/restaurant-fodors/0895.htm","Fodor's Maine Coast, 3rd Edition"
"/media/Dados/bases/SWDE/restaurant/restaurant-fodors/0978.htm",Fodor's Boston 2011
"/media/Dados/bases/SWDE/restaurant/restaurant-fodors/1476.htm","Fodor's The Carolinas & Georgia, 18th Edition"
"/media/Dados/bases/SWDE/restaurant/restaurant-fodors/0476.htm","Fodor's Washington, D.C. 2010"
"/media/Dados/bases/SWDE/restaurant/restaurant-fodors/0306.htm",Fodor's Northern California 2010
"/media/Dados/bases/SWDE/restaurant/restaurant-fodors/1180.htm","Fodor's New England, 29th Edition"
"/media/Dados/bases/SWDE/restaurant/restaurant-fodors/0871.htm","Fodor's Maine Coast, 3rd Edition"
"/media/Dados/bases/SWDE/restaurant/restaurant-fodors/1886.htm","Fodor's Pacific Northwest, 17th Edition"
"/media/Dados/bases/SWDE/restaurant/restaurant-fodors/0651.htm","Fodor's The Carolinas & Georgia, 18th Edition"
"/media/Dados/bases/SWDE/restaurant/restaurant-fodors/0093.htm",Fodor's Arizona & the Grand Canyon 2010
"/media/Dados/bases/SWDE/restaurant/restaurant-fodors/0129.htm",Fodor's Northern California 2010
"/media/Dados/bases/SWDE/restaurant/restaurant-fodors/0041.htm",Fodor's Arizona & the Grand Canyon 2010
"/media/Dados/bases/SWDE/restaurant/restaurant-fodors/1797.htm","Fodor's Texas, 1st Edition"
"/media/Dados/bases/SWDE/restaurant/restaurant-fodors/1445.htm","Fodor's New York State, 2nd Edition"
"/media/Dados/bases/SWDE/restaurant/restaurant-fodors/1897.htm","Fodor's Pacific Northwest, 17th Edition"
"/media/Dados/bases/SWDE/restaurant/restaurant-fodors/1830.htm","Fodor's Utah, 4th Edition"
"/media/Dados/bases/SWDE/restaurant/restaurant-fodors/1723.htm","Fodor's Texas, 1st Edition"
"/media/Dados/bases/SWDE/restaurant/restaurant-fodors/1126.htm","Fodor's Montana & Wyoming, 4th Edition"
"/media/Dados/bases/SWDE/restaurant/restaurant-fodors/0029.htm",Fodor's Alaska 2010
"/media/Dados/bases/SWDE/restaurant/restaurant-fodors/0293.htm",Fodor's Northern California 2010
"/media/Dados/bases/SWDE/restaurant/restaurant-fodors/1004.htm","Fodor's Cape Cod, Nantucket & Martha's Vineyard, 28th Edition"
"/media/Dados/bases/SWDE/restaurant/restaurant-fodors/0131.htm",Fodor's Northern California 2010
"/media/Dados/bases/SWDE/restaurant/restaurant-fodors/1422.htm","Fodor's New York State, 2nd Edition"
"/media/Dados/bases/SWDE/restaurant/restaurant-fodors/0020.htm","Compass American Guides: Alaska's Inside Passage, 2nd Edition"
"/media/Dados/bases/SWDE/restaurant/restaurant-fodors/1459.htm","Fodor's The Carolinas & Georgia, 18th Edition"
"/media/Dados/bases/SWDE/restaurant/restaurant-fodors/0349.htm",Fodor's Northern California 2010
"/media/Dados/bases/SWDE/restaurant/restaurant-fodors/1721.htm","Fodor's Texas, 1st Edition"
"/media/Dados/bases/SWDE/restaurant/restaurant-fodors/0919.htm","Fodor's Virginia & Maryland, 10th Edition"
"/media/Dados/bases/SWDE/restaurant/restaurant-fodors/0869.htm","Fodor's Maine Coast, 3rd Edition"
"/media/Dados/bases/SWDE/restaurant/restaurant-fodors/0952.htm","Fodor's Virginia & Maryland, 10th Edition"
"/media/Dados/bases/SWDE/restaurant/restaurant-fodors/1876.htm","Fodor's Virginia & Maryland, 10th Edition"
"/media/Dados/bases/SWDE/restaurant/restaurant-fodors/1147.htm",Fodor's Las Vegas 2010
"/media/Dados/bases/SWDE/restaurant/restaurant-fodors/0732.htm","Fodor's Oahu, 3rd Edition"
"/media/Dados/bases/SWDE/restaurant/restaurant-fodors/1943.htm","Fodor's Pacific Northwest, 17th Edition"
"/media/Dados/bases/SWDE/restaurant/restaurant-fodors/1920.htm","Fodor's Seattle's 25 Best, 4th Edition"
"/media/Dados/bases/SWDE/restaurant/restaurant-fodors/0472.htm","Fodor's Washington, D.C. 2010"
"/media/Dados/bases/SWDE/restaurant/restaurant-fodors/0961.htm","Fodor's New England, 29th Edition"
"/media/Dados/bases/SWDE/restaurant/restaurant-fodors/0051.htm",Fodor's Arizona & the Grand Canyon 2010
"/media/Dados/bases/SWDE/restaurant/restaurant-fodors/0230.htm",Fodor's Northern California 2010
"/media/Dados/bases/SWDE/restaurant/restaurant-fodors/0264.htm",Fodor's Southern California 2010
"/media/Dados/bases/SWDE/restaurant/restaurant-fodors/1728.htm","Fodor's Texas, 1st Edition"
"/media/Dados/bases/SWDE/restaurant/restaurant-fodors/0279.htm",Fodor's Southern California 2010
"/media/Dados/bases/SWDE/restaurant/restaurant-fodors/1221.htm","Fodor's Santa Fe, Taos & Albuquerque, 2nd Edition"
"/media/Dados/bases/SWDE/restaurant/restaurant-fodors/1133.htm",Fodor's Las Vegas 2010
"/media/Dados/bases/SWDE/restaurant/restaurant-fodors/1242.htm","Fodor's Santa Fe, Taos & Albuquerque, 2nd Edition"
"/media/Dados/bases/SWDE/restaurant/restaurant-fodors/0151.htm",Fodor's Southern California 2010
"/media/Dados/bases/SWDE/restaurant/restaurant-fodors/0708.htm","Fodor's Oahu, 3rd Edition"
"/media/Dados/bases/SWDE/restaurant/restaurant-fodors/0366.htm",Fodor's Northern California 2010
"/media/Dados/bases/SWDE/restaurant/restaurant-fodors/0622.htm",Fodor's Walt Disney World with Kids 2011
"/media/Dados/bases/SWDE/restaurant/restaurant-fodors/0121.htm",Fodor's Northern California 2010
"/media/Dados/bases/SWDE/restaurant/restaurant-fodors/1256.htm","Fodor's Santa Fe, Taos & Albuquerque, 2nd Edition"
"/media/Dados/bases/SWDE/restaurant/restaurant-fodors/1025.htm","Fodor's Cape Cod, Nantucket & Martha's Vineyard, 28th Edition"
"/media/Dados/bases/SWDE/restaurant/restaurant-fodors/1607.htm","Fodor's Philadelphia & the Pennsylvania Dutch Country, 16th Edition"
"/media/Dados/bases/SWDE/restaurant/restaurant-fodors/0099.htm",Fodor's Arizona & the Grand Canyon 2010
"/media/Dados/bases/SWDE/restaurant/restaurant-fodors/0788.htm",Fodor's Chicago 2010
"/media/Dados/bases/SWDE/restaurant/restaurant-fodors/0335.htm",Fodor's Northern California 2010
"/media/Dados/bases/SWDE/restaurant/restaurant-fodors/1240.htm","Fodor's Santa Fe, Taos & Albuquerque, 2nd Edition"
"/media/Dados/bases/SWDE/restaurant/restaurant-fodors/0636.htm","Fodor's The Carolinas & Georgia, 18th Edition"
"/media/Dados/bases/SWDE/restaurant/restaurant-fodors/1514.htm","Fodor's Pacific Northwest, 17th Edition"
"/media/Dados/bases/SWDE/restaurant/restaurant-fodors/0254.htm",Fodor's Southern California 2010
"/media/Dados/bases/SWDE/restaurant/restaurant-fodors/0667.htm","Fodor's The Carolinas & Georgia, 18th Edition"
"/media/Dados/bases/SWDE/restaurant/restaurant-fodors/0219.htm",Fodor's Southern California 2010
"/media/Dados/bases/SWDE/restaurant/restaurant-fodors/0233.htm",Fodor's Southern California 2010
"/media/Dados/bases/SWDE/restaurant/restaurant-fodors/1992.htm","Compass American Guides: Wyoming, 5th Edition"
"/media/Dados/bases/SWDE/restaurant/restaurant-fodors/1835.htm","Fodor's Utah, 4th Edition"
"/media/Dados/bases/SWDE/restaurant/restaurant-fodors/1645.htm","Fodor's New England, 29th Edition"
"/media/Dados/bases/SWDE/restaurant/restaurant-fodors/1958.htm","Fodor's Pacific Northwest, 17th Edition"
"/media/Dados/bases/SWDE/restaurant/restaurant-fodors/1396.htm","Fodor's New York State, 2nd Edition"
"/media/Dados/bases/SWDE/restaurant/restaurant-fodors/1581.htm","Compass American Guides: Oregon Wine Country, 2nd Edition"
"/media/Dados/bases/SWDE/restaurant/restaurant-fodors/1290.htm","Fodor's New York State, 2nd Edition"
"/media/Dados/bases/SWDE/restaurant/restaurant-fodors/0314.htm",Fodor's Northern California 2010
"/media/Dados/bases/SWDE/restaurant/restaurant-fodors/1281.htm","Fodor's New York State, 2nd Edition"
"/media/Dados/bases/SWDE/restaurant/restaurant-fodors/0212.htm",Fodor's Southern California 2010
"/media/Dados/bases/SWDE/restaurant/restaurant-fodors/1360.htm","Fodor's New York City's 25 Best, 8th Edition"
"/media/Dados/bases/SWDE/restaurant/restaurant-fodors/1960.htm","Fodor's Pacific Northwest, 17th Edition"
"/media/Dados/bases/SWDE/restaurant/restaurant-fodors/0236.htm",Fodor's Southern California 2010
"/media/Dados/bases/SWDE/restaurant/restaurant-fodors/1019.htm","Fodor's Cape Cod, Nantucket & Martha's Vineyard, 28th Edition"
"/media/Dados/bases/SWDE/restaurant/restaurant-fodors/1429.htm","Fodor's New York State, 2nd Edition"
"/media/Dados/bases/SWDE/restaurant/restaurant-fodors/1257.htm","Fodor's Santa Fe, Taos & Albuquerque, 2nd Edition"
"/media/Dados/bases/SWDE/restaurant/restaurant-fodors/1325.htm","Fodor's New York City's 25 Best, 8th Edition"
"/media/Dados/bases/SWDE/restaurant/restaurant-fodors/1842.htm","Fodor's Utah, 4th Edition"
"/media/Dados/bases/SWDE/restaurant/restaurant-fodors/1948.htm","Fodor's Pacific Northwest, 17th Edition"
"/media/Dados/bases/SWDE/restaurant/restaurant-fodors/0965.htm",Fodor's Boston 2011
"/media/Dados/bases/SWDE/restaurant/restaurant-fodors/1169.htm",Fodor's Las Vegas 2010
"/media/Dados/bases/SWDE/restaurant/restaurant-fodors/0361.htm",Fodor's Northern California 2010
"/media/Dados/bases/SWDE/restaurant/restaurant-fodors/1306.htm","Fodor's New York State, 2nd Edition"
"/media/Dados/bases/SWDE/restaurant/restaurant-fodors/0450.htm","Fodor's New England, 29th Edition"
"/media/Dados/bases/SWDE/restaurant/restaurant-fodors/0983.htm",Fodor's Boston 2011
"/media/Dados/bases/SWDE/restaurant/restaurant-fodors/1175.htm",Fodor's Las Vegas 2010
"/media/Dados/bases/SWDE/restaurant/restaurant-fodors/0238.htm",Fodor's Southern California 2010
"/media/Dados/bases/SWDE/restaurant/restaurant-fodors/1199.htm","Fodor's New England, 29th Edition"
"/media/Dados/bases/SWDE/restaurant/restaurant-fodors/1311.htm","Fodor's New York State, 2nd Edition"
"/media/Dados/bases/SWDE/restaurant/restaurant-fodors/1341.htm","Fodor's New York City's 25 Best, 8th Edition"
"/media/Dados/bases/SWDE/restaurant/restaurant-fodors/0470.htm","Fodor's Washington, D.C. 2010"
"/media/Dados/bases/SWDE/restaurant/restaurant-fodors/0950.htm","Fodor's Virginia & Maryland, 10th Edition"
"/media/Dados/bases/SWDE/restaurant/restaurant-fodors/0358.htm",Fodor's Southern California 2010
"/media/Dados/bases/SWDE/restaurant/restaurant-fodors/1456.htm","Fodor's The Carolinas & Georgia, 18th Edition"
"/media/Dados/bases/SWDE/restaurant/restaurant-fodors/0316.htm",Fodor's Northern California 2010
"/media/Dados/bases/SWDE/restaurant/restaurant-fodors/1177.htm",Fodor's Las Vegas 2010
"/media/Dados/bases/SWDE/restaurant/restaurant-fodors/1386.htm","Fodor's New York State, 2nd Edition"
"/media/Dados/bases/SWDE/restaurant/restaurant-fodors/0699.htm","Fodor's Oahu, 3rd Edition"
"/media/Dados/bases/SWDE/restaurant/restaurant-fodors/1289.htm","Fodor's New York State, 2nd Edition"
"/media/Dados/bases/SWDE/restaurant/restaurant-fodors/0987.htm",Fodor's Boston 2011
"/media/Dados/bases/SWDE/restaurant/restaurant-fodors/1749.htm","Fodor's Texas, 1st Edition"
"/media/Dados/bases/SWDE/restaurant/restaurant-fodors/0265.htm",Fodor's Southern California 2010
"/media/Dados/bases/SWDE/restaurant/restaurant-fodors/0653.htm","Fodor's The Carolinas & Georgia, 18th Edition"
"/media/Dados/bases/SWDE/restaurant/restaurant-fodors/1778.htm","Fodor's Texas, 1st Edition"
"/media/Dados/bases/SWDE/restaurant/restaurant-fodors/0327.htm",Fodor's Northern California 2010
"/media/Dados/bases/SWDE/restaurant/restaurant-fodors/0954.htm","Fodor's Virginia & Maryland, 10th Edition"
"/media/Dados/bases/SWDE/restaurant/restaurant-fodors/1274.htm","Fodor's Santa Fe, Taos & Albuquerque, 2nd Edition"
"/media/Dados/bases/SWDE/restaurant/restaurant-fodors/0928.htm","Fodor's Virginia & Maryland, 10th Edition"
"/media/Dados/bases/SWDE/restaurant/restaurant-fodors/0957.htm","Fodor's Virginia & Maryland, 10th Edition"
"/media/Dados/bases/SWDE/restaurant/restaurant-fodors/0740.htm","Fodor's Kaua'i, 3rd Edition"
"/media/Dados/bases/SWDE/restaurant/restaurant-fodors/0935.htm","Fodor's Virginia & Maryland, 10th Edition"
"/media/Dados/bases/SWDE/restaurant/restaurant-fodors/1395.htm","Fodor's New York State, 2nd Edition"
"/media/Dados/bases/SWDE/restaurant/restaurant-fodors/1626.htm","Fodor's Philadelphia & the Pennsylvania Dutch Country, 16th Edition"
"/media/Dados/bases/SWDE/restaurant/restaurant-fodors/0159.htm",Fodor's Southern California 2010
"/media/Dados/bases/SWDE/restaurant/restaurant-fodors/1675.htm","Fodor's The Carolinas & Georgia, 18th Edition"
"/media/Dados/bases/SWDE/restaurant/restaurant-fodors/0444.htm","Fodor's New England, 29th Edition"
"/media/Dados/bases/SWDE/restaurant/restaurant-fodors/0329.htm",Fodor's Northern California 2010
"/media/Dados/bases/SWDE/restaurant/restaurant-fodors/0126.htm",Fodor's Northern California 2010
"/media/Dados/bases/SWDE/restaurant/restaurant-fodors/1736.htm","Fodor's Texas, 1st Edition"
"/media/Dados/bases/SWDE/restaurant/restaurant-fodors/1870.htm","Fodor's Virginia & Maryland, 10th Edition"
"/media/Dados/bases/SWDE/restaurant/restaurant-fodors/0173.htm",Fodor's Southern California 2010
"/media/Dados/bases/SWDE/restaurant/restaurant-fodors/0482.htm","Fodor's Washington, D.C. 2010"
"/media/Dados/bases/SWDE/restaurant/restaurant-fodors/0153.htm",Fodor's Southern California 2010
"/media/Dados/bases/SWDE/restaurant/restaurant-fodors/0058.htm",Fodor's Arizona & the Grand Canyon 2010
"/media/Dados/bases/SWDE/restaurant/restaurant-fodors/1792.htm","Fodor's Texas, 1st Edition"
"/media/Dados/bases/SWDE/restaurant/restaurant-fodors/0642.htm","Fodor's The Carolinas & Georgia, 18th Edition"
"/media/Dados/bases/SWDE/restaurant/restaurant-fodors/1010.htm","Fodor's Cape Cod, Nantucket & Martha's Vineyard, 28th Edition"
"/media/Dados/bases/SWDE/restaurant/restaurant-fodors/0746.htm","Fodor's Kaua'i, 3rd Edition"
"/media/Dados/bases/SWDE/restaurant/restaurant-fodors/1729.htm","Fodor's Texas, 1st Edition"
"/media/Dados/bases/SWDE/restaurant/restaurant-fodors/1854.htm","Fodor's New England, 29th Edition"
"/media/Dados/bases/SWDE/restaurant/restaurant-fodors/1636.htm","Compass American Guides: Pennsylvania, 3rd Edition"
"/media/Dados/bases/SWDE/restaurant/restaurant-fodors/0461.htm","Fodor's Washington, D.C. 2010"
"/media/Dados/bases/SWDE/restaurant/restaurant-fodors/1815.htm","Fodor's Utah, 4th Edition"
"/media/Dados/bases/SWDE/restaurant/restaurant-fodors/0778.htm",Fodor's Chicago 2010
"/media/Dados/bases/SWDE/restaurant/restaurant-fodors/0640.htm","Fodor's The Carolinas & Georgia, 18th Edition"
"/media/Dados/bases/SWDE/restaurant/restaurant-fodors/1560.htm","Fodor's Pacific Northwest, 17th Edition"
"/media/Dados/bases/SWDE/restaurant/restaurant-fodors/0353.htm",Fodor's Southern California 2010
"/media/Dados/bases/SWDE/restaurant/restaurant-fodors/1321.htm","Fodor's New York City's 25 Best, 8th Edition"
"/media/Dados/bases/SWDE/restaurant/restaurant-fodors/0232.htm",Fodor's Southern California 2010
"/media/Dados/bases/SWDE/restaurant/restaurant-fodors/0110.htm",Fodor's Arizona & the Grand Canyon 2010
"/media/Dados/bases/SWDE/restaurant/restaurant-fodors/1192.htm","Fodor's New England, 29th Edition"
"/media/Dados/bases/SWDE/restaurant/restaurant-fodors/1801.htm","Fodor's Texas, 1st Edition"
"/media/Dados/bases/SWDE/restaurant/restaurant-fodors/1266.htm","Fodor's New Mexico, 7th Edition"
"/media/Dados/bases/SWDE/restaurant/restaurant-fodors/0036.htm",Fodor's Alaska 2010
"/media/Dados/bases/SWDE/restaurant/restaurant-fodors/1976.htm","Compass American Guides: Wyoming, 5th Edition"
"/media/Dados/bases/SWDE/restaurant/restaurant-fodors/1462.htm","Fodor's The Carolinas & Georgia, 18th Edition"
"/media/Dados/bases/SWDE/restaurant/restaurant-fodors/0229.htm",Fodor's Northern California 2010
"/media/Dados/bases/SWDE/restaurant/restaurant-fodors/1043.htm","Fodor's Cape Cod, Nantucket & Martha's Vineyard, 28th Edition"
"/media/Dados/bases/SWDE/restaurant/restaurant-fodors/1171.htm",Fodor's Las Vegas 2010
"/media/Dados/bases/SWDE/restaurant/restaurant-fodors/1989.htm","Compass American Guides: Wyoming, 5th Edition"
"/media/Dados/bases/SWDE/restaurant/restaurant-fodors/1127.htm",Fodor's Las Vegas 2010
"/media/Dados/bases/SWDE/restaurant/restaurant-fodors/0882.htm","Fodor's Maine Coast, 3rd Edition"
"/media/Dados/bases/SWDE/restaurant/restaurant-fodors/1657.htm","Fodor's In Focus Charleston, 1st Edition"
"/media/Dados/bases/SWDE/restaurant/restaurant-fodors/1942.htm","Fodor's Pacific Northwest, 17th Edition"
"/media/Dados/bases/SWDE/restaurant/restaurant-fodors/1508.htm","Fodor's Pacific Northwest, 17th Edition"
"/media/Dados/bases/SWDE/restaurant/restaurant-fodors/0918.htm","Fodor's Virginia & Maryland, 10th Edition"
"/media/Dados/bases/SWDE/restaurant/restaurant-fodors/0286.htm",Fodor's Northern California 2010
"/media/Dados/bases/SWDE/restaurant/restaurant-fodors/0888.htm","Fodor's Maine Coast, 3rd Edition"
"/media/Dados/bases/SWDE/restaurant/restaurant-fodors/1108.htm","Fodor's Montana & Wyoming, 4th Edition"
"/media/Dados/bases/SWDE/restaurant/restaurant-fodors/0276.htm",Fodor's Southern California 2010
"/media/Dados/bases/SWDE/restaurant/restaurant-fodors/0634.htm","Fodor's The Carolinas & Georgia, 18th Edition"
"/media/Dados/bases/SWDE/restaurant/restaurant-fodors/1794.htm","Fodor's Texas, 1st Edition"
"/media/Dados/bases/SWDE/restaurant/restaurant-fodors/1308.htm","Fodor's New York State, 2nd Edition"
"/media/Dados/bases/SWDE/restaurant/restaurant-fodors/1864.htm","Fodor's Virginia & Maryland, 10th Edition"
"/media/Dados/bases/SWDE/restaurant/restaurant-fodors/0446.htm","Fodor's New England, 29th Edition"
"/media/Dados/bases/SWDE/restaurant/restaurant-fodors/1303.htm","Fodor's New York State, 2nd Edition"
"/media/Dados/bases/SWDE/restaurant/restaurant-fodors/1106.htm","Fodor's Montana & Wyoming, 4th Edition"
"/media/Dados/bases/SWDE/restaurant/restaurant-fodors/1850.htm","Fodor's New England, 29th Edition"
"/media/Dados/bases/SWDE/restaurant/restaurant-fodors/0208.htm",Fodor's Southern California 2010
"/media/Dados/bases/SWDE/restaurant/restaurant-fodors/0402.htm","Fodor's Colorado, 9th Edition"
"/media/Dados/bases/SWDE/restaurant/restaurant-fodors/0252.htm",Fodor's Southern California 2010
"/media/Dados/bases/SWDE/restaurant/restaurant-fodors/1218.htm","Fodor's Santa Fe, Taos & Albuquerque, 2nd Edition"
"/media/Dados/bases/SWDE/restaurant/restaurant-fodors/0980.htm",Fodor's Boston 2011
"/media/Dados/bases/SWDE/restaurant/restaurant-fodors/1130.htm",Fodor's Las Vegas 2010
"/media/Dados/bases/SWDE/restaurant/restaurant-fodors/1610.htm","Fodor's Philadelphia & the Pennsylvania Dutch Country, 16th Edition"
"/media/Dados/bases/SWDE/restaurant/restaurant-fodors/1594.htm","Compass American Guides: Pennsylvania, 3rd Edition"
"/media/Dados/bases/SWDE/restaurant/restaurant-fodors/0915.htm","Fodor's Virginia & Maryland, 10th Edition"
"/media/Dados/bases/SWDE/restaurant/restaurant-fodors/1796.htm","Fodor's Texas, 1st Edition"
"/media/Dados/bases/SWDE/restaurant/restaurant-fodors/0033.htm",Fodor's Alaska 2010
"/media/Dados/bases/SWDE/restaurant/restaurant-fodors/1007.htm","Fodor's Cape Cod, Nantucket & Martha's Vineyard, 28th Edition"
"/media/Dados/bases/SWDE/restaurant/restaurant-fodors/1909.htm","Fodor's Seattle's 25 Best, 4th Edition"
"/media/Dados/bases/SWDE/restaurant/restaurant-fodors/1014.htm","Fodor's Cape Cod, Nantucket & Martha's Vineyard, 28th Edition"
"/media/Dados/bases/SWDE/restaurant/restaurant-fodors/0017.htm","Compass American Guides: Alaska's Inside Passage, 2nd Edition"
"/media/Dados/bases/SWDE/restaurant/restaurant-fodors/1446.htm","Fodor's New York State, 2nd Edition"
"/media/Dados/bases/SWDE/restaurant/restaurant-fodors/0941.htm","Fodor's Virginia & Maryland, 10th Edition"
"/media/Dados/bases/SWDE/restaurant/restaurant-fodors/1861.htm","Fodor's New England, 29th Edition"
"/media/Dados/bases/SWDE/restaurant/restaurant-fodors/1275.htm","Fodor's Santa Fe, Taos & Albuquerque, 2nd Edition"
"/media/Dados/bases/SWDE/restaurant/restaurant-fodors/1450.htm","Fodor's New York State, 2nd Edition"
"/media/Dados/bases/SWDE/restaurant/restaurant-fodors/0780.htm",Fodor's Chicago 2010
"/media/Dados/bases/SWDE/restaurant/restaurant-fodors/1286.htm","Fodor's New York State, 2nd Edition"
"/media/Dados/bases/SWDE/restaurant/restaurant-fodors/1230.htm","Fodor's New Mexico, 7th Edition"
"/media/Dados/bases/SWDE/restaurant/restaurant-fodors/1310.htm","Fodor's New York State, 2nd Edition"
"/media/Dados/bases/SWDE/restaurant/restaurant-fodors/0725.htm","Fodor's Oahu, 3rd Edition"
"/media/Dados/bases/SWDE/restaurant/restaurant-fodors/0013.htm",Fodor's Alaska 2010
"/media/Dados/bases/SWDE/restaurant/restaurant-fodors/1732.htm","Fodor's Texas, 1st Edition"
"/media/Dados/bases/SWDE/restaurant/restaurant-fodors/0808.htm",Fodor's Chicago 2010
"/media/Dados/bases/SWDE/restaurant/restaurant-fodors/1447.htm","Fodor's New York State, 2nd Edition"
"/media/Dados/bases/SWDE/restaurant/restaurant-fodors/1676.htm","Fodor's The Carolinas & Georgia, 18th Edition"
"/media/Dados/bases/SWDE/restaurant/restaurant-fodors/1671.htm","Fodor's The Carolinas & Georgia, 18th Edition"
"/media/Dados/bases/SWDE/restaurant/restaurant-fodors/0971.htm",Fodor's Boston 2011
"/media/Dados/bases/SWDE/restaurant/restaurant-fodors/1278.htm","Fodor's Santa Fe, Taos & Albuquerque, 2nd Edition"
"/media/Dados/bases/SWDE/restaurant/restaurant-fodors/0222.htm",Fodor's Southern California 2010
"/media/Dados/bases/SWDE/restaurant/restaurant-fodors/1201.htm","Fodor's New England, 29th Edition"
"/media/Dados/bases/SWDE/restaurant/restaurant-fodors/1036.htm","Fodor's Cape Cod, Nantucket & Martha's Vineyard, 28th Edition"
"/media/Dados/bases/SWDE/restaurant/restaurant-fodors/1434.htm","Fodor's New York State, 2nd Edition"
"/media/Dados/bases/SWDE/restaurant/restaurant-fodors/0803.htm",Fodor's Chicago 2010
"/media/Dados/bases/SWDE/restaurant/restaurant-fodors/1001.htm","Fodor's Cape Cod, Nantucket & Martha's Vineyard, 28th Edition"
"/media/Dados/bases/SWDE/restaurant/restaurant-fodors/1388.htm","Fodor's New York State, 2nd Edition"
"/media/Dados/bases/SWDE/restaurant/restaurant-fodors/1327.htm","Fodor's New York City's 25 Best, 8th Edition"
"/media/Dados/bases/SWDE/restaurant/restaurant-fodors/1454.htm","Fodor's New York State, 2nd Edition"
"/media/Dados/bases/SWDE/restaurant/restaurant-fodors/1384.htm","Fodor's New York City's 25 Best, 8th Edition"
"/media/Dados/bases/SWDE/restaurant/restaurant-fodors/0896.htm","Fodor's Maine Coast, 3rd Edition"
"/media/Dados/bases/SWDE/restaurant/restaurant-fodors/1753.htm","Fodor's Texas, 1st Edition"
"/media/Dados/bases/SWDE/restaurant/restaurant-fodors/1351.htm","Fodor's New York City's 25 Best, 8th Edition"
"/media/Dados/bases/SWDE/restaurant/restaurant-fodors/0064.htm",Fodor's Arizona & the Grand Canyon 2010
"/media/Dados/bases/SWDE/restaurant/restaurant-fodors/1366.htm","Fodor's New York City's 25 Best, 8th Edition"
"/media/Dados/bases/SWDE/restaurant/restaurant-fodors/1896.htm","Fodor's Pacific Northwest, 17th Edition"
"/media/Dados/bases/SWDE/restaurant/restaurant-fodors/0920.htm","Fodor's Virginia & Maryland, 10th Edition"
"/media/Dados/bases/SWDE/restaurant/restaurant-fodors/0714.htm","Fodor's Oahu, 3rd Edition"
"/media/Dados/bases/SWDE/restaurant/restaurant-fodors/0968.htm",Fodor's Boston 2011
"/media/Dados/bases/SWDE/restaurant/restaurant-fodors/0664.htm","Fodor's The Carolinas & Georgia, 18th Edition"
"/media/Dados/bases/SWDE/restaurant/restaurant-fodors/0720.htm","Fodor's Oahu, 3rd Edition"
"/media/Dados/bases/SWDE/restaurant/restaurant-fodors/1096.htm","Fodor's Montana & Wyoming, 4th Edition"
"/media/Dados/bases/SWDE/restaurant/restaurant-fodors/1329.htm","Fodor's New York City's 25 Best, 8th Edition"
"/media/Dados/bases/SWDE/restaurant/restaurant-fodors/0962.htm",Fodor's Boston 2011
"/media/Dados/bases/SWDE/restaurant/restaurant-fodors/1941.htm","Fodor's Pacific Northwest, 17th Edition"
"/media/Dados/bases/SWDE/restaurant/restaurant-fodors/0975.htm",Fodor's Boston 2011
"/media/Dados/bases/SWDE/restaurant/restaurant-fodors/1371.htm","Fodor's New York City's 25 Best, 8th Edition"
"/media/Dados/bases/SWDE/restaurant/restaurant-fodors/1248.htm","Fodor's Santa Fe, Taos & Albuquerque, 2nd Edition"
"/media/Dados/bases/SWDE/restaurant/restaurant-fodors/1925.htm","Fodor's Seattle's 25 Best, 4th Edition"
"/media/Dados/bases/SWDE/restaurant/restaurant-fodors/1576.htm","Fodor's Pacific Northwest, 17th Edition"
"/media/Dados/bases/SWDE/restaurant/restaurant-fodors/0302.htm",Fodor's Northern California 2010
"/media/Dados/bases/SWDE/restaurant/restaurant-fodors/0008.htm",Fodor's Alaska 2010
"/media/Dados/bases/SWDE/restaurant/restaurant-fodors/0054.htm",Fodor's Arizona & the Grand Canyon 2010
"/media/Dados/bases/SWDE/restaurant/restaurant-fodors/0710.htm","Fodor's Oahu, 3rd Edition"
"/media/Dados/bases/SWDE/restaurant/restaurant-fodors/0884.htm","Fodor's Maine Coast, 3rd Edition"
"/media/Dados/bases/SWDE/restaurant/restaurant-fodors/1332.htm","Fodor's New York City's 25 Best, 8th Edition"
"/media/Dados/bases/SWDE/restaurant/restaurant-fodors/1215.htm","Fodor's Santa Fe, Taos & Albuquerque, 2nd Edition"
"/media/Dados/bases/SWDE/restaurant/restaurant-fodors/1869.htm","Fodor's Virginia & Maryland, 10th Edition"
"/media/Dados/bases/SWDE/restaurant/restaurant-fodors/0484.htm","Fodor's Washington, D.C. 2010"
"/media/Dados/bases/SWDE/restaurant/restaurant-fodors/1099.htm","Fodor's Montana & Wyoming, 4th Edition"
"/media/Dados/bases/SWDE/restaurant/restaurant-fodors/1065.htm","Fodor's New England, 29th Edition"
"/media/Dados/bases/SWDE/restaurant/restaurant-fodors/1110.htm","Fodor's Montana & Wyoming, 4th Edition"
"/media/Dados/bases/SWDE/restaurant/restaurant-fodors/1977.htm","Compass American Guides: Wyoming, 5th Edition"
"/media/Dados/bases/SWDE/restaurant/restaurant-fodors/1814.htm","Fodor's Utah, 4th Edition"
"/media/Dados/bases/SWDE/restaurant/restaurant-fodors/0876.htm","Fodor's Maine Coast, 3rd Edition"
"/media/Dados/bases/SWDE/restaurant/restaurant-fodors/1867.htm","Fodor's Virginia & Maryland, 10th Edition"
"/media/Dados/bases/SWDE/restaurant/restaurant-fodors/0660.htm","Fodor's The Carolinas & Georgia, 18th Edition"
"/media/Dados/bases/SWDE/restaurant/restaurant-fodors/1979.htm","Compass American Guides: Wyoming, 5th Edition"
"/media/Dados/bases/SWDE/restaurant/restaurant-fodors/0458.htm","Fodor's Washington, D.C. 2010"
"/media/Dados/bases/SWDE/restaurant/restaurant-fodors/1063.htm","Fodor's New England, 29th Edition"
"/media/Dados/bases/SWDE/restaurant/restaurant-fodors/0632.htm","Fodor's The Carolinas & Georgia, 18th Edition"
"/media/Dados/bases/SWDE/restaurant/restaurant-fodors/1172.htm",Fodor's Las Vegas 2010
"/media/Dados/bases/SWDE/restaurant/restaurant-fodors/1317.htm","Fodor's New York State, 2nd Edition"
"/media/Dados/bases/SWDE/restaurant/restaurant-fodors/0907.htm","Fodor's Maine Coast, 3rd Edition"
"/media/Dados/bases/SWDE/restaurant/restaurant-fodors/1183.htm","Fodor's New England, 29th Edition"
"/media/Dados/bases/SWDE/restaurant/restaurant-fodors/1294.htm","Fodor's New York State, 2nd Edition"
"/media/Dados/bases/SWDE/restaurant/restaurant-fodors/1280.htm","Fodor's New York State, 2nd Edition"
"/media/Dados/bases/SWDE/restaurant/restaurant-fodors/0923.htm","Fodor's Virginia & Maryland, 10th Edition"
"/media/Dados/bases/SWDE/restaurant/restaurant-fodors/0926.htm","Fodor's Virginia & Maryland, 10th Edition"
"/media/Dados/bases/SWDE/restaurant/restaurant-fodors/1405.htm","Fodor's New York State, 2nd Edition"
"/media/Dados/bases/SWDE/restaurant/restaurant-fodors/0155.htm",Fodor's Southern California 2010
"/media/Dados/bases/SWDE/restaurant/restaurant-fodors/0243.htm",Fodor's Southern California 2010
"/media/Dados/bases/SWDE/restaurant/restaurant-fodors/0776.htm",Fodor's Chicago 2010
"/media/Dados/bases/SWDE/restaurant/restaurant-fodors/1379.htm","Fodor's New York City's 25 Best, 8th Edition"
"/media/Dados/bases/SWDE/restaurant/restaurant-fodors/1682.htm","Fodor's The Carolinas & Georgia, 18th Edition"
"/media/Dados/bases/SWDE/restaurant/restaurant-fodors/0415.htm","Fodor's Colorado, 9th Edition"
"/media/Dados/bases/SWDE/restaurant/restaurant-fodors/0185.htm",Fodor's Southern California 2010
"/media/Dados/bases/SWDE/restaurant/restaurant-fodors/1114.htm","Fodor's Montana & Wyoming, 4th Edition"
"/media/Dados/bases/SWDE/restaurant/restaurant-fodors/0143.htm",Fodor's Southern California 2010
"/media/Dados/bases/SWDE/restaurant/restaurant-fodors/1865.htm","Fodor's Virginia & Maryland, 10th Edition"
"/media/Dados/bases/SWDE/restaurant/restaurant-fodors/0368.htm",Fodor's Northern California 2010
"/media/Dados/bases/SWDE/restaurant/restaurant-fodors/1324.htm","Fodor's New York City's 25 Best, 8th Edition"
"/media/Dados/bases/SWDE/restaurant/restaurant-fodors/1244.htm","Fodor's Santa Fe, Taos & Albuquerque, 2nd Edition"
"/media/Dados/bases/SWDE/restaurant/restaurant-fodors/1900.htm","Fodor's Seattle's 25 Best, 4th Edition"
"/media/Dados/bases/SWDE/restaurant/restaurant-fodors/1193.htm","Fodor's New England, 29th Edition"
"/media/Dados/bases/SWDE/restaurant/restaurant-fodors/1113.htm","Fodor's Montana & Wyoming, 4th Edition"
"/media/Dados/bases/SWDE/restaurant/restaurant-fodors/0251.htm",Fodor's Southern California 2010
"/media/Dados/bases/SWDE/restaurant/restaurant-fodors/0164.htm",Fodor's Southern California 2010
"/media/Dados/bases/SWDE/restaurant/restaurant-fodors/0038.htm",Fodor's Alaska 2010
"/media/Dados/bases/SWDE/restaurant/restaurant-fodors/0011.htm",Fodor's Alaska 2010
"/media/Dados/bases/SWDE/restaurant/restaurant-fodors/0741.htm","Fodor's Kaua'i, 3rd Edition"
"/media/Dados/bases/SWDE/restaurant/restaurant-fodors/1282.htm","Fodor's New York State, 2nd Edition"
"/media/Dados/bases/SWDE/restaurant/restaurant-fodors/0976.htm",Fodor's Boston 2011
"/media/Dados/bases/SWDE/restaurant/restaurant-fodors/0101.htm",Fodor's Arizona & the Grand Canyon 2010
"/media/Dados/bases/SWDE/restaurant/restaurant-fodors/1431.htm","Fodor's New York State, 2nd Edition"
"/media/Dados/bases/SWDE/restaurant/restaurant-fodors/1154.htm",Fodor's Las Vegas 2010
"/media/Dados/bases/SWDE/restaurant/restaurant-fodors/1372.htm","Fodor's New York City's 25 Best, 8th Edition"
"/media/Dados/bases/SWDE/restaurant/restaurant-fodors/1020.htm","Fodor's Cape Cod, Nantucket & Martha's Vineyard, 28th Edition"
"/media/Dados/bases/SWDE/restaurant/restaurant-fodors/1156.htm",Fodor's Las Vegas 2010
"/media/Dados/bases/SWDE/restaurant/restaurant-fodors/1804.htm","Fodor's Utah, 4th Edition"
"/media/Dados/bases/SWDE/restaurant/restaurant-fodors/0346.htm",Fodor's Northern California 2010
"/media/Dados/bases/SWDE/restaurant/restaurant-fodors/1739.htm","Fodor's Texas, 1st Edition"
"/media/Dados/bases/SWDE/restaurant/restaurant-fodors/1959.htm","Fodor's Pacific Northwest, 17th Edition"
"/media/Dados/bases/SWDE/restaurant/restaurant-fodors/0271.htm",Fodor's Southern California 2010
"/media/Dados/bases/SWDE/restaurant/restaurant-fodors/0986.htm",Fodor's Boston 2011
"/media/Dados/bases/SWDE/restaurant/restaurant-fodors/1062.htm","Fodor's New England, 29th Edition"
"/media/Dados/bases/SWDE/restaurant/restaurant-fodors/0991.htm",Fodor's Boston 2011
"/media/Dados/bases/SWDE/restaurant/restaurant-fodors/1152.htm",Fodor's Las Vegas 2010
"/media/Dados/bases/SWDE/restaurant/restaurant-fodors/1666.htm","Fodor's In Focus Charleston, 1st Edition"
"/media/Dados/bases/SWDE/restaurant/restaurant-fodors/1412.htm","Fodor's New York State, 2nd Edition"
"/media/Dados/bases/SWDE/restaurant/restaurant-fodors/0340.htm",Fodor's Southern California 2010
"/media/Dados/bases/SWDE/restaurant/restaurant-fodors/0999.htm","Fodor's Cape Cod, Nantucket & Martha's Vineyard, 28th Edition"
"/media/Dados/bases/SWDE/restaurant/restaurant-fodors/1122.htm","Fodor's Montana & Wyoming, 4th Edition"
"/media/Dados/bases/SWDE/restaurant/restaurant-fodors/1059.htm","Fodor's New England, 29th Edition"
"/media/Dados/bases/SWDE/restaurant/restaurant-fodors/0166.htm",Fodor's Southern California 2010
"/media/Dados/bases/SWDE/restaurant/restaurant-fodors/0738.htm","Fodor's Kaua'i, 3rd Edition"
"/media/Dados/bases/SWDE/restaurant/restaurant-fodors/0019.htm","Compass American Guides: Alaska's Inside Passage, 2nd Edition"
"/media/Dados/bases/SWDE/restaurant/restaurant-fodors/1098.htm","Fodor's Montana & Wyoming, 4th Edition"
"/media/Dados/bases/SWDE/restaurant/restaurant-fodors/0344.htm",Fodor's Northern California 2010
"/media/Dados/bases/SWDE/restaurant/restaurant-fodors/0128.htm",Fodor's Northern California 2010
"/media/Dados/bases/SWDE/restaurant/restaurant-fodors/1247.htm","Fodor's Santa Fe, Taos & Albuquerque, 2nd Edition"
"/media/Dados/bases/SWDE/restaurant/restaurant-fodors/1883.htm","Fodor's Virginia & Maryland, 10th Edition"
"/media/Dados/bases/SWDE/restaurant/restaurant-fodors/0649.htm","Fodor's The Carolinas & Georgia, 18th Edition"
"/media/Dados/bases/SWDE/restaurant/restaurant-fodors/0217.htm",Fodor's Southern California 2010
"/media/Dados/bases/SWDE/restaurant/restaurant-fodors/1906.htm","Fodor's Seattle's 25 Best, 4th Edition"
"/media/Dados/bases/SWDE/restaurant/restaurant-fodors/0122.htm",Fodor's Northern California 2010
"/media/Dados/bases/SWDE/restaurant/restaurant-fodors/0190.htm",Fodor's Southern California 2010
"/media/Dados/bases/SWDE/restaurant/restaurant-fodors/1847.htm","Fodor's New England, 29th Edition"
"/media/Dados/bases/SWDE/restaurant/restaurant-fodors/1381.htm","Fodor's New York City's 25 Best, 8th Edition"
"/media/Dados/bases/SWDE/restaurant/restaurant-fodors/0874.htm","Fodor's Maine Coast, 3rd Edition"
"/media/Dados/bases/SWDE/restaurant/restaurant-fodors/1116.htm","Fodor's Montana & Wyoming, 4th Edition"
"/media/Dados/bases/SWDE/restaurant/restaurant-fodors/1235.htm","Fodor's New Mexico, 7th Edition"
"/media/Dados/bases/SWDE/restaurant/restaurant-fodors/1892.htm","Fodor's Pacific Northwest, 17th Edition"
"/media/Dados/bases/SWDE/restaurant/restaurant-fodors/0018.htm","Compass American Guides: Alaska's Inside Passage, 2nd Edition"
"/media/Dados/bases/SWDE/restaurant/restaurant-fodors/0908.htm","Fodor's Maine Coast, 3rd Edition"
"/media/Dados/bases/SWDE/restaurant/restaurant-fodors/1617.htm","Fodor's Philadelphia & the Pennsylvania Dutch Country, 16th Edition"
"/media/Dados/bases/SWDE/restaurant/restaurant-fodors/1747.htm","Fodor's Texas, 1st Edition"
"/media/Dados/bases/SWDE/restaurant/restaurant-fodors/1582.htm","Compass American Guides: Oregon Wine Country, 2nd Edition"
"/media/Dados/bases/SWDE/restaurant/restaurant-fodors/1744.htm","Fodor's Texas, 1st Edition"
"/media/Dados/bases/SWDE/restaurant/restaurant-fodors/1158.htm",Fodor's Las Vegas 2010
"/media/Dados/bases/SWDE/restaurant/restaurant-fodors/1678.htm","Fodor's The Carolinas & Georgia, 18th Edition"
"/media/Dados/bases/SWDE/restaurant/restaurant-fodors/1849.htm","Fodor's New England, 29th Edition"
"/media/Dados/bases/SWDE/restaurant/restaurant-fodors/0337.htm",Fodor's Southern California 2010
"/media/Dados/bases/SWDE/restaurant/restaurant-fodors/1277.htm","Fodor's Santa Fe, Taos & Albuquerque, 2nd Edition"
"/media/Dados/bases/SWDE/restaurant/restaurant-fodors/1426.htm","Fodor's New York State, 2nd Edition"
"/media/Dados/bases/SWDE/restaurant/restaurant-fodors/0662.htm","Fodor's The Carolinas & Georgia, 18th Edition"
"/media/Dados/bases/SWDE/restaurant/restaurant-fodors/1185.htm","Fodor's New England, 29th Edition"
"/media/Dados/bases/SWDE/restaurant/restaurant-fodors/0646.htm","Fodor's The Carolinas & Georgia, 18th Edition"
"/media/Dados/bases/SWDE/restaurant/restaurant-fodors/1996.htm","Compass American Guides: Wyoming, 5th Edition"
"/media/Dados/bases/SWDE/restaurant/restaurant-fodors/0951.htm","Fodor's Virginia & Maryland, 10th Edition"
"/media/Dados/bases/SWDE/restaurant/restaurant-fodors/0086.htm",Fodor's Arizona & the Grand Canyon 2010
"/media/Dados/bases/SWDE/restaurant/restaurant-fodors/1720.htm","Fodor's Texas, 1st Edition"
"/media/Dados/bases/SWDE/restaurant/restaurant-fodors/0320.htm",Fodor's Northern California 2010
"/media/Dados/bases/SWDE/restaurant/restaurant-fodors/0783.htm",Fodor's Chicago 2010
"/media/Dados/bases/SWDE/restaurant/restaurant-fodors/1611.htm","Fodor's Philadelphia & the Pennsylvania Dutch Country, 16th Edition"
"/media/Dados/bases/SWDE/restaurant/restaurant-fodors/1927.htm","Fodor's Seattle's 25 Best, 4th Edition"
"/media/Dados/bases/SWDE/restaurant/restaurant-fodors/1219.htm","Fodor's Santa Fe, Taos & Albuquerque, 2nd Edition"
"/media/Dados/bases/SWDE/restaurant/restaurant-fodors/1375.htm","Fodor's New York City's 25 Best, 8th Edition"
"/media/Dados/bases/SWDE/restaurant/restaurant-fodors/0112.htm",Fodor's Arizona & the Grand Canyon 2010
"/media/Dados/bases/SWDE/restaurant/restaurant-fodors/0179.htm",Fodor's Southern California 2010
"/media/Dados/bases/SWDE/restaurant/restaurant-fodors/0069.htm",Fodor's Arizona & the Grand Canyon 2010
"/media/Dados/bases/SWDE/restaurant/restaurant-fodors/1471.htm","Fodor's The Carolinas & Georgia, 18th Edition"
"/media/Dados/bases/SWDE/restaurant/restaurant-fodors/1184.htm","Fodor's New England, 29th Edition"
"/media/Dados/bases/SWDE/restaurant/restaurant-fodors/1660.htm","Fodor's In Focus Charleston, 1st Edition"
"/media/Dados/bases/SWDE/restaurant/restaurant-fodors/1150.htm",Fodor's Las Vegas 2010
"/media/Dados/bases/SWDE/restaurant/restaurant-fodors/1621.htm","Fodor's Philadelphia & the Pennsylvania Dutch Country, 16th Edition"
"/media/Dados/bases/SWDE/restaurant/restaurant-fodors/0211.htm",Fodor's Southern California 2010
"/media/Dados/bases/SWDE/restaurant/restaurant-fodors/0082.htm",Fodor's Arizona & the Grand Canyon 2010
"/media/Dados/bases/SWDE/restaurant/restaurant-fodors/1136.htm",Fodor's Las Vegas 2010
"/media/Dados/bases/SWDE/restaurant/restaurant-fodors/0897.htm","Fodor's Maine Coast, 3rd Edition"
"/media/Dados/bases/SWDE/restaurant/restaurant-fodors/0323.htm",Fodor's Northern California 2010
"/media/Dados/bases/SWDE/restaurant/restaurant-fodors/1615.htm","Fodor's Philadelphia & the Pennsylvania Dutch Country, 16th Edition"
"/media/Dados/bases/SWDE/restaurant/restaurant-fodors/1592.htm","Compass American Guides: Pennsylvania, 3rd Edition"
"/media/Dados/bases/SWDE/restaurant/restaurant-fodors/0805.htm",Fodor's Chicago 2010
"/media/Dados/bases/SWDE/restaurant/restaurant-fodors/0724.htm","Fodor's Oahu, 3rd Edition"
"/media/Dados/bases/SWDE/restaurant/restaurant-fodors/1983.htm","Compass American Guides: Wyoming, 5th Edition"
"/media/Dados/bases/SWDE/restaurant/restaurant-fodors/0703.htm","Fodor's Oahu, 3rd Edition"
"/media/Dados/bases/SWDE/restaurant/restaurant-fodors/1575.htm","Fodor's Pacific Northwest, 17th Edition"
"/media/Dados/bases/SWDE/restaurant/restaurant-fodors/0009.htm",Fodor's Alaska 2010
"/media/Dados/bases/SWDE/restaurant/restaurant-fodors/1751.htm","Fodor's Texas, 1st Edition"
"/media/Dados/bases/SWDE/restaurant/restaurant-fodors/1930.htm","Fodor's Seattle's 25 Best, 4th Edition"
"/media/Dados/bases/SWDE/restaurant/restaurant-fodors/1475.htm","Fodor's The Carolinas & Georgia, 18th Edition"
"/media/Dados/bases/SWDE/restaurant/restaurant-fodors/0065.htm",Fodor's Arizona & the Grand Canyon 2010
"/media/Dados/bases/SWDE/restaurant/restaurant-fodors/1181.htm","Fodor's New England, 29th Edition"
"/media/Dados/bases/SWDE/restaurant/restaurant-fodors/0305.htm",Fodor's Northern California 2010
"/media/Dados/bases/SWDE/restaurant/restaurant-fodors/1322.htm","Fodor's New York City's 25 Best, 8th Edition"
"/media/Dados/bases/SWDE/restaurant/restaurant-fodors/1513.htm","Fodor's Pacific Northwest, 17th Edition"
"/media/Dados/bases/SWDE/restaurant/restaurant-fodors/0464.htm","Fodor's Washington, D.C. 2010"
"/media/Dados/bases/SWDE/restaurant/restaurant-fodors/1112.htm","Fodor's Montana & Wyoming, 4th Edition"
"/media/Dados/bases/SWDE/restaurant/restaurant-fodors/1718.htm","Fodor's Texas, 1st Edition"
"/media/Dados/bases/SWDE/restaurant/restaurant-fodors/0049.htm",Fodor's Arizona & the Grand Canyon 2010
"/media/Dados/bases/SWDE/restaurant/restaurant-fodors/1985.htm","Compass American Guides: Wyoming, 5th Edition"
"/media/Dados/bases/SWDE/restaurant/restaurant-fodors/1369.htm","Fodor's New York City's 25 Best, 8th Edition"
"/media/Dados/bases/SWDE/restaurant/restaurant-fodors/1128.htm",Fodor's Las Vegas 2010
"/media/Dados/bases/SWDE/restaurant/restaurant-fodors/1950.htm","Fodor's Pacific Northwest, 17th Edition"
"/media/Dados/bases/SWDE/restaurant/restaurant-fodors/1901.htm","Fodor's Seattle's 25 Best, 4th Edition"
"/media/Dados/bases/SWDE/restaurant/restaurant-fodors/1580.htm","Compass American Guides: Oregon Wine Country, 2nd Edition"
"/media/Dados/bases/SWDE/restaurant/restaurant-fodors/1313.htm","Fodor's New York State, 2nd Edition"
"/media/Dados/bases/SWDE/restaurant/restaurant-fodors/0299.htm",Fodor's Northern California 2010
"/media/Dados/bases/SWDE/restaurant/restaurant-fodors/0032.htm",Fodor's Alaska 2010
"/media/Dados/bases/SWDE/restaurant/restaurant-fodors/0057.htm",Fodor's Arizona & the Grand Canyon 2010
"/media/Dados/bases/SWDE/restaurant/restaurant-fodors/0467.htm","Fodor's Washington, D.C. 2010"
"/media/Dados/bases/SWDE/restaurant/restaurant-fodors/1748.htm","Fodor's Texas, 1st Edition"
"/media/Dados/bases/SWDE/restaurant/restaurant-fodors/0356.htm",Fodor's Southern California 2010
"/media/Dados/bases/SWDE/restaurant/restaurant-fodors/0091.htm",Fodor's Arizona & the Grand Canyon 2010
"/media/Dados/bases/SWDE/restaurant/restaurant-fodors/1403.htm","Fodor's New York State, 2nd Edition"
"/media/Dados/bases/SWDE/restaurant/restaurant-fodors/1006.htm","Fodor's Cape Cod, Nantucket & Martha's Vineyard, 28th Edition"
"/media/Dados/bases/SWDE/restaurant/restaurant-fodors/1296.htm","Fodor's New York State, 2nd Edition"
"/media/Dados/bases/SWDE/restaurant/restaurant-fodors/1565.htm","Fodor's Pacific Northwest, 17th Edition"
"/media/Dados/bases/SWDE/restaurant/restaurant-fodors/1981.htm","Compass American Guides: Wyoming, 5th Edition"
"/media/Dados/bases/SWDE/restaurant/restaurant-fodors/0728.htm","Fodor's Oahu, 3rd Edition"
"/media/Dados/bases/SWDE/restaurant/restaurant-fodors/0989.htm",Fodor's Boston 2011
"/media/Dados/bases/SWDE/restaurant/restaurant-fodors/1921.htm","Fodor's Seattle's 25 Best, 4th Edition"
"/media/Dados/bases/SWDE/restaurant/restaurant-fodors/0311.htm",Fodor's Northern California 2010
"/media/Dados/bases/SWDE/restaurant/restaurant-fodors/1779.htm","Fodor's Texas, 1st Edition"
"/media/Dados/bases/SWDE/restaurant/restaurant-fodors/1658.htm","Fodor's In Focus Charleston, 1st Edition"
"/media/Dados/bases/SWDE/restaurant/restaurant-fodors/1121.htm","Fodor's Montana & Wyoming, 4th Edition"
"/media/Dados/bases/SWDE/restaurant/restaurant-fodors/1231.htm","Fodor's New Mexico, 7th Edition"
"/media/Dados/bases/SWDE/restaurant/restaurant-fodors/0296.htm",Fodor's Northern California 2010
"/media/Dados/bases/SWDE/restaurant/restaurant-fodors/1444.htm","Fodor's New York State, 2nd Edition"
"/media/Dados/bases/SWDE/restaurant/restaurant-fodors/0448.htm","Fodor's New England, 29th Edition"
"/media/Dados/bases/SWDE/restaurant/restaurant-fodors/0043.htm",Fodor's Arizona & the Grand Canyon 2010
"/media/Dados/bases/SWDE/restaurant/restaurant-fodors/1273.htm","Fodor's New Mexico, 7th Edition"
"/media/Dados/bases/SWDE/restaurant/restaurant-fodors/0035.htm",Fodor's Alaska 2010
"/media/Dados/bases/SWDE/restaurant/restaurant-fodors/1382.htm","Fodor's New York City's 25 Best, 8th Edition"
"/media/Dados/bases/SWDE/restaurant/restaurant-fodors/1340.htm","Fodor's New York City's 25 Best, 8th Edition"
"/media/Dados/bases/SWDE/restaurant/restaurant-fodors/1265.htm","Fodor's New Mexico, 7th Edition"
"/media/Dados/bases/SWDE/restaurant/restaurant-fodors/1092.htm","Fodor's Montana & Wyoming, 4th Edition"
"/media/Dados/bases/SWDE/restaurant/restaurant-fodors/0182.htm",Fodor's Southern California 2010
"/media/Dados/bases/SWDE/restaurant/restaurant-fodors/0324.htm",Fodor's Northern California 2010
"/media/Dados/bases/SWDE/restaurant/restaurant-fodors/1618.htm","Fodor's Philadelphia & the Pennsylvania Dutch Country, 16th Edition"
"/media/Dados/bases/SWDE/restaurant/restaurant-fodors/0959.htm","Fodor's New England, 29th Edition"
"/media/Dados/bases/SWDE/restaurant/restaurant-fodors/0940.htm","Fodor's Virginia & Maryland, 10th Edition"
"/media/Dados/bases/SWDE/restaurant/restaurant-fodors/0977.htm",Fodor's Boston 2011
"/media/Dados/bases/SWDE/restaurant/restaurant-fodors/1642.htm","Fodor's New England, 29th Edition"
"/media/Dados/bases/SWDE/restaurant/restaurant-fodors/0022.htm","Compass American Guides: Alaska's Inside Passage, 2nd Edition"
"/media/Dados/bases/SWDE/restaurant/restaurant-fodors/1469.htm","Fodor's The Carolinas & Georgia, 18th Edition"
"/media/Dados/bases/SWDE/restaurant/restaurant-fodors/0902.htm","Fodor's Maine Coast, 3rd Edition"
"/media/Dados/bases/SWDE/restaurant/restaurant-fodors/1862.htm","Fodor's New England, 29th Edition"
"/media/Dados/bases/SWDE/restaurant/restaurant-fodors/1292.htm","Fodor's New York State, 2nd Edition"
"/media/Dados/bases/SWDE/restaurant/restaurant-fodors/0235.htm",Fodor's Southern California 2010
"/media/Dados/bases/SWDE/restaurant/restaurant-fodors/0157.htm",Fodor's Southern California 2010
"/media/Dados/bases/SWDE/restaurant/restaurant-fodors/0997.htm","Fodor's Cape Cod, Nantucket & Martha's Vineyard, 28th Edition"
"/media/Dados/bases/SWDE/restaurant/restaurant-fodors/1238.htm","Fodor's Santa Fe, Taos & Albuquerque, 2nd Edition"
"/media/Dados/bases/SWDE/restaurant/restaurant-fodors/1980.htm","Compass American Guides: Wyoming, 5th Edition"
"/media/Dados/bases/SWDE/restaurant/restaurant-fodors/0730.htm","Fodor's Oahu, 3rd Edition"
"/media/Dados/bases/SWDE/restaurant/restaurant-fodors/1578.htm","Compass American Guides: Oregon Wine Country, 2nd Edition"
"/media/Dados/bases/SWDE/restaurant/restaurant-fodors/0262.htm",Fodor's Southern California 2010
"/media/Dados/bases/SWDE/restaurant/restaurant-fodors/0892.htm","Fodor's Maine Coast, 3rd Edition"
"/media/Dados/bases/SWDE/restaurant/restaurant-fodors/1809.htm","Fodor's Utah, 4th Edition"
"/media/Dados/bases/SWDE/restaurant/restaurant-fodors/1681.htm","Fodor's The Carolinas & Georgia, 18th Edition"
"/media/Dados/bases/SWDE/restaurant/restaurant-fodors/1882.htm","Fodor's Virginia & Maryland, 10th Edition"
"/media/Dados/bases/SWDE/restaurant/restaurant-fodors/1781.htm","Fodor's Texas, 1st Edition"
"/media/Dados/bases/SWDE/restaurant/restaurant-fodors/1571.htm","Fodor's Pacific Northwest, 17th Edition"
"/media/Dados/bases/SWDE/restaurant/restaurant-fodors/1141.htm",Fodor's Las Vegas 2010
"/media/Dados/bases/SWDE/restaurant/restaurant-fodors/0117.htm",Fodor's Northern California 2010
"/media/Dados/bases/SWDE/restaurant/restaurant-fodors/1300.htm","Fodor's New York State, 2nd Edition"
"/media/Dados/bases/SWDE/restaurant/restaurant-fodors/1588.htm","Compass American Guides: Pennsylvania, 3rd Edition"
"/media/Dados/bases/SWDE/restaurant/restaurant-fodors/0866.htm","Fodor's Maine Coast, 3rd Edition"
"/media/Dados/bases/SWDE/restaurant/restaurant-fodors/1211.htm","Fodor's Santa Fe, Taos & Albuquerque, 2nd Edition"
"/media/Dados/bases/SWDE/restaurant/restaurant-fodors/1066.htm","Fodor's New England, 29th Edition"
"/media/Dados/bases/SWDE/restaurant/restaurant-fodors/0645.htm","Fodor's The Carolinas & Georgia, 18th Edition"
"/media/Dados/bases/SWDE/restaurant/restaurant-fodors/1367.htm","Fodor's New York City's 25 Best, 8th Edition"
"/media/Dados/bases/SWDE/restaurant/restaurant-fodors/0867.htm","Fodor's Maine Coast, 3rd Edition"
"/media/Dados/bases/SWDE/restaurant/restaurant-fodors/1880.htm","Fodor's Virginia & Maryland, 10th Edition"
"/media/Dados/bases/SWDE/restaurant/restaurant-fodors/1856.htm","Fodor's New England, 29th Edition"
"/media/Dados/bases/SWDE/restaurant/restaurant-fodors/0473.htm","Fodor's Washington, D.C. 2010"
"/media/Dados/bases/SWDE/restaurant/restaurant-fodors/1165.htm",Fodor's Las Vegas 2010
"/media/Dados/bases/SWDE/restaurant/restaurant-fodors/1162.htm",Fodor's Las Vegas 2010
"/media/Dados/bases/SWDE/restaurant/restaurant-fodors/1168.htm",Fodor's Las Vegas 2010
"/media/Dados/bases/SWDE/restaurant/restaurant-fodors/0214.htm",Fodor's Southern California 2010
"/media/Dados/bases/SWDE/restaurant/restaurant-fodors/0186.htm",Fodor's Southern California 2010
"/media/Dados/bases/SWDE/restaurant/restaurant-fodors/0723.htm","Fodor's Oahu, 3rd Edition"
"/media/Dados/bases/SWDE/restaurant/restaurant-fodors/1583.htm","Compass American Guides: Pennsylvania, 3rd Edition"
"/media/Dados/bases/SWDE/restaurant/restaurant-fodors/1024.htm","Fodor's Cape Cod, Nantucket & Martha's Vineyard, 28th Edition"
"/media/Dados/bases/SWDE/restaurant/restaurant-fodors/1918.htm","Fodor's Seattle's 25 Best, 4th Edition"
"/media/Dados/bases/SWDE/restaurant/restaurant-fodors/0655.htm","Fodor's The Carolinas & Georgia, 18th Edition"
"/media/Dados/bases/SWDE/restaurant/restaurant-fodors/1335.htm","Fodor's New York City's 25 Best, 8th Edition"
"/media/Dados/bases/SWDE/restaurant/restaurant-fodors/0067.htm",Fodor's Arizona & the Grand Canyon 2010
"/media/Dados/bases/SWDE/restaurant/restaurant-fodors/0479.htm","Fodor's Washington, D.C. 2010"
"/media/Dados/bases/SWDE/restaurant/restaurant-fodors/0789.htm",Fodor's Chicago 2010
"/media/Dados/bases/SWDE/restaurant/restaurant-fodors/1442.htm","Fodor's New York State, 2nd Edition"
"/media/Dados/bases/SWDE/restaurant/restaurant-fodors/1153.htm",Fodor's Las Vegas 2010
"/media/Dados/bases/SWDE/restaurant/restaurant-fodors/0046.htm","Fodor's In Focus Grand Canyon National Park, 1st Edition"
"/media/Dados/bases/SWDE/restaurant/restaurant-fodors/0793.htm",Fodor's Chicago 2010
"/media/Dados/bases/SWDE/restaurant/restaurant-fodors/0154.htm",Fodor's Southern California 2010
"/media/Dados/bases/SWDE/restaurant/restaurant-fodors/1042.htm","Fodor's Cape Cod, Nantucket & Martha's Vineyard, 28th Edition"
"/media/Dados/bases/SWDE/restaurant/restaurant-fodors/1033.htm","Fodor's Cape Cod, Nantucket & Martha's Vineyard, 28th Edition"
"/media/Dados/bases/SWDE/restaurant/restaurant-fodors/0062.htm",Fodor's Arizona & the Grand Canyon 2010
"/media/Dados/bases/SWDE/restaurant/restaurant-fodors/1119.htm","Fodor's Montana & Wyoming, 4th Edition"
"/media/Dados/bases/SWDE/restaurant/restaurant-fodors/1424.htm","Fodor's New York State, 2nd Edition"
"/media/Dados/bases/SWDE/restaurant/restaurant-fodors/1337.htm","Fodor's New York City's 25 Best, 8th Edition"
"/media/Dados/bases/SWDE/restaurant/restaurant-fodors/0309.htm",Fodor's Northern California 2010
"/media/Dados/bases/SWDE/restaurant/restaurant-fodors/0817.htm",Fodor's Chicago 2010
"/media/Dados/bases/SWDE/restaurant/restaurant-fodors/0973.htm",Fodor's Boston 2011
"/media/Dados/bases/SWDE/restaurant/restaurant-fodors/1404.htm","Fodor's New York State, 2nd Edition"
"/media/Dados/bases/SWDE/restaurant/restaurant-fodors/1393.htm","Fodor's New York State, 2nd Edition"
"/media/Dados/bases/SWDE/restaurant/restaurant-fodors/0367.htm",Fodor's Northern California 2010
"/media/Dados/bases/SWDE/restaurant/restaurant-fodors/1586.htm","Compass American Guides: Pennsylvania, 3rd Edition"
"/media/Dados/bases/SWDE/restaurant/restaurant-fodors/1365.htm","Fodor's New York City's 25 Best, 8th Edition"
"/media/Dados/bases/SWDE/restaurant/restaurant-fodors/1297.htm","Fodor's New York State, 2nd Edition"
"/media/Dados/bases/SWDE/restaurant/restaurant-fodors/1572.htm","Fodor's Pacific Northwest, 17th Edition"
"/media/Dados/bases/SWDE/restaurant/restaurant-fodors/0449.htm","Fodor's New England, 29th Edition"
"/media/Dados/bases/SWDE/restaurant/restaurant-fodors/1938.htm","Fodor's Pacific Northwest, 17th Edition"
"/media/Dados/bases/SWDE/restaurant/restaurant-fodors/1287.htm","Fodor's New York State, 2nd Edition"
"/media/Dados/bases/SWDE/restaurant/restaurant-fodors/0246.htm",Fodor's Southern California 2010
"/media/Dados/bases/SWDE/restaurant/restaurant-fodors/1344.htm","Fodor's New York City's 25 Best, 8th Edition"
"/media/Dados/bases/SWDE/restaurant/restaurant-fodors/1562.htm","Fodor's Pacific Northwest, 17th Edition"
"/media/Dados/bases/SWDE/restaurant/restaurant-fodors/1179.htm",Fodor's Las Vegas 2010
"/media/Dados/bases/SWDE/restaurant/restaurant-fodors/1483.htm","Fodor's The Carolinas & Georgia, 18th Edition"
"/media/Dados/bases/SWDE/restaurant/restaurant-fodors/0078.htm",Fodor's Arizona & the Grand Canyon 2010
"/media/Dados/bases/SWDE/restaurant/restaurant-fodors/1438.htm","Fodor's New York State, 2nd Edition"
"/media/Dados/bases/SWDE/restaurant/restaurant-fodors/0797.htm",Fodor's Chicago 2010
"/media/Dados/bases/SWDE/restaurant/restaurant-fodors/1400.htm","Fodor's New York State, 2nd Edition"
"/media/Dados/bases/SWDE/restaurant/restaurant-fodors/1315.htm","Fodor's New York State, 2nd Edition"
"/media/Dados/bases/SWDE/restaurant/restaurant-fodors/0359.htm",Fodor's Southern California 2010
"/media/Dados/bases/SWDE/restaurant/restaurant-fodors/0040.htm",Fodor's Alaska 2010
"/media/Dados/bases/SWDE/restaurant/restaurant-fodors/1353.htm","Fodor's New York City's 25 Best, 8th Edition"
"/media/Dados/bases/SWDE/restaurant/restaurant-fodors/1259.htm","Fodor's New Mexico, 7th Edition"
"/media/Dados/bases/SWDE/restaurant/restaurant-fodors/1041.htm","Fodor's Cape Cod, Nantucket & Martha's Vineyard, 28th Edition"
"/media/Dados/bases/SWDE/restaurant/restaurant-fodors/1589.htm","Compass American Guides: Pennsylvania, 3rd Edition"
"/media/Dados/bases/SWDE/restaurant/restaurant-fodors/0966.htm",Fodor's Boston 2011
"/media/Dados/bases/SWDE/restaurant/restaurant-fodors/1799.htm","Fodor's Texas, 1st Edition"
"/media/Dados/bases/SWDE/restaurant/restaurant-fodors/0228.htm",Fodor's Northern California 2010
"/media/Dados/bases/SWDE/restaurant/restaurant-fodors/1670.htm","Fodor's The Carolinas & Georgia, 18th Edition"
"/media/Dados/bases/SWDE/restaurant/restaurant-fodors/0103.htm",Fodor's Arizona & the Grand Canyon 2010
"/media/Dados/bases/SWDE/restaurant/restaurant-fodors/0800.htm",Fodor's Chicago 2010
"/media/Dados/bases/SWDE/restaurant/restaurant-fodors/0072.htm",Fodor's Arizona & the Grand Canyon 2010
"/media/Dados/bases/SWDE/restaurant/restaurant-fodors/0180.htm",Fodor's Southern California 2010
"/media/Dados/bases/SWDE/restaurant/restaurant-fodors/0365.htm",Fodor's Northern California 2010
"/media/Dados/bases/SWDE/restaurant/restaurant-fodors/1027.htm","Fodor's Cape Cod, Nantucket & Martha's Vineyard, 28th Edition"
"/media/Dados/bases/SWDE/restaurant/restaurant-fodors/1604.htm","Fodor's Philadelphia & the Pennsylvania Dutch Country, 16th Edition"
"/media/Dados/bases/SWDE/restaurant/restaurant-fodors/0988.htm",Fodor's Boston 2011
"/media/Dados/bases/SWDE/restaurant/restaurant-fodors/1252.htm","Fodor's Santa Fe, Taos & Albuquerque, 2nd Edition"
"/media/Dados/bases/SWDE/restaurant/restaurant-fodors/0336.htm",Fodor's Northern California 2010
"/media/Dados/bases/SWDE/restaurant/restaurant-fodors/0187.htm",Fodor's Southern California 2010
"/media/Dados/bases/SWDE/restaurant/restaurant-fodors/0981.htm",Fodor's Boston 2011
"/media/Dados/bases/SWDE/restaurant/restaurant-fodors/0120.htm",Fodor's Northern California 2010
"/media/Dados/bases/SWDE/restaurant/restaurant-fodors/1945.htm","Fodor's Pacific Northwest, 17th Edition"
"/media/Dados/bases/SWDE/restaurant/restaurant-fodors/0145.htm",Fodor's Southern California 2010
"/media/Dados/bases/SWDE/restaurant/restaurant-fodors/1836.htm","Fodor's Utah, 4th Edition"
"/media/Dados/bases/SWDE/restaurant/restaurant-fodors/1216.htm","Fodor's Santa Fe, Taos & Albuquerque, 2nd Edition"
"/media/Dados/bases/SWDE/restaurant/restaurant-fodors/0424.htm","Fodor's Colorado, 9th Edition"
"/media/Dados/bases/SWDE/restaurant/restaurant-fodors/0790.htm",Fodor's Chicago 2010
"/media/Dados/bases/SWDE/restaurant/restaurant-fodors/0700.htm","Fodor's Oahu, 3rd Edition"
"/media/Dados/bases/SWDE/restaurant/restaurant-fodors/1129.htm",Fodor's Las Vegas 2010
"/media/Dados/bases/SWDE/restaurant/restaurant-fodors/1599.htm","Fodor's Philadelphia & the Pennsylvania Dutch Country, 16th Edition"
"/media/Dados/bases/SWDE/restaurant/restaurant-fodors/0411.htm","Fodor's Colorado, 9th Edition"
"/media/Dados/bases/SWDE/restaurant/restaurant-fodors/1951.htm","Fodor's Pacific Northwest, 17th Edition"
"/media/Dados/bases/SWDE/restaurant/restaurant-fodors/0028.htm",Fodor's Alaska 2010
"/media/Dados/bases/SWDE/restaurant/restaurant-fodors/1264.htm","Fodor's New Mexico, 7th Edition"
"/media/Dados/bases/SWDE/restaurant/restaurant-fodors/1789.htm","Fodor's Texas, 1st Edition"
"/media/Dados/bases/SWDE/restaurant/restaurant-fodors/0288.htm",Fodor's Northern California 2010
"/media/Dados/bases/SWDE/restaurant/restaurant-fodors/0786.htm",Fodor's Chicago 2010
"/media/Dados/bases/SWDE/restaurant/restaurant-fodors/1143.htm",Fodor's Las Vegas 2010
"/media/Dados/bases/SWDE/restaurant/restaurant-fodors/1910.htm","Fodor's Seattle's 25 Best, 4th Edition"
"/media/Dados/bases/SWDE/restaurant/restaurant-fodors/0960.htm","Fodor's New England, 29th Edition"
"/media/Dados/bases/SWDE/restaurant/restaurant-fodors/1035.htm","Fodor's Cape Cod, Nantucket & Martha's Vineyard, 28th Edition"
"/media/Dados/bases/SWDE/restaurant/restaurant-fodors/1752.htm","Fodor's Texas, 1st Edition"
"/media/Dados/bases/SWDE/restaurant/restaurant-fodors/1362.htm","Fodor's New York City's 25 Best, 8th Edition"
"/media/Dados/bases/SWDE/restaurant/restaurant-fodors/1731.htm","Fodor's Texas, 1st Edition"
"/media/Dados/bases/SWDE/restaurant/restaurant-fodors/0979.htm",Fodor's Boston 2011
"/media/Dados/bases/SWDE/restaurant/restaurant-fodors/1167.htm",Fodor's Las Vegas 2010
"/media/Dados/bases/SWDE/restaurant/restaurant-fodors/1268.htm","Fodor's New Mexico, 7th Edition"
"/media/Dados/bases/SWDE/restaurant/restaurant-fodors/1726.htm","Fodor's Texas, 1st Edition"
"/media/Dados/bases/SWDE/restaurant/restaurant-fodors/1455.htm","Fodor's New York State, 2nd Edition"
"/media/Dados/bases/SWDE/restaurant/restaurant-fodors/1812.htm","Fodor's Utah, 4th Edition"
"/media/Dados/bases/SWDE/restaurant/restaurant-fodors/0176.htm",Fodor's Southern California 2010
"/media/Dados/bases/SWDE/restaurant/restaurant-fodors/1722.htm","Fodor's Texas, 1st Edition"
"/media/Dados/bases/SWDE/restaurant/restaurant-fodors/0048.htm",Fodor's Arizona & the Grand Canyon 2010
"/media/Dados/bases/SWDE/restaurant/restaurant-fodors/1740.htm","Fodor's Texas, 1st Edition"
"/media/Dados/bases/SWDE/restaurant/restaurant-fodors/0044.htm",Fodor's Arizona & the Grand Canyon 2010
"/media/Dados/bases/SWDE/restaurant/restaurant-fodors/0351.htm",Fodor's Northern California 2010
"/media/Dados/bases/SWDE/restaurant/restaurant-fodors/0175.htm",Fodor's Southern California 2010
"/media/Dados/bases/SWDE/restaurant/restaurant-fodors/1605.htm","Fodor's Philadelphia & the Pennsylvania Dutch Country, 16th Edition"
"/media/Dados/bases/SWDE/restaurant/restaurant-fodors/1197.htm","Fodor's New England, 29th Edition"
"/media/Dados/bases/SWDE/restaurant/restaurant-fodors/1226.htm","Fodor's Santa Fe, Taos & Albuquerque, 2nd Edition"
"/media/Dados/bases/SWDE/restaurant/restaurant-fodors/1374.htm","Fodor's New York City's 25 Best, 8th Edition"
"/media/Dados/bases/SWDE/restaurant/restaurant-fodors/0663.htm","Fodor's The Carolinas & Georgia, 18th Edition"
"/media/Dados/bases/SWDE/restaurant/restaurant-fodors/0109.htm",Fodor's Arizona & the Grand Canyon 2010
"/media/Dados/bases/SWDE/restaurant/restaurant-fodors/1361.htm","Fodor's New York City's 25 Best, 8th Edition"
"/media/Dados/bases/SWDE/restaurant/restaurant-fodors/1647.htm","Fodor's New England, 29th Edition"
"/media/Dados/bases/SWDE/restaurant/restaurant-fodors/0912.htm","Fodor's Virginia & Maryland, 10th Edition"
"/media/Dados/bases/SWDE/restaurant/restaurant-fodors/0466.htm","Fodor's Washington, D.C. 2010"
"/media/Dados/bases/SWDE/restaurant/restaurant-fodors/1124.htm","Fodor's Montana & Wyoming, 4th Edition"
"/media/Dados/bases/SWDE/restaurant/restaurant-fodors/1946.htm","Fodor's Pacific Northwest, 17th Edition"
"/media/Dados/bases/SWDE/restaurant/restaurant-fodors/1875.htm","Fodor's Virginia & Maryland, 10th Edition"
"/media/Dados/bases/SWDE/restaurant/restaurant-fodors/1811.htm","Fodor's Utah, 4th Edition"
"/media/Dados/bases/SWDE/restaurant/restaurant-fodors/1776.htm","Fodor's Texas, 1st Edition"
"/media/Dados/bases/SWDE/restaurant/restaurant-fodors/1229.htm","Fodor's New Mexico, 7th Edition"
"/media/Dados/bases/SWDE/restaurant/restaurant-fodors/1656.htm","Fodor's In Focus Charleston, 1st Edition"
"/media/Dados/bases/SWDE/restaurant/restaurant-fodors/1250.htm","Fodor's Santa Fe, Taos & Albuquerque, 2nd Edition"
"/media/Dados/bases/SWDE/restaurant/restaurant-fodors/1100.htm","Fodor's Montana & Wyoming, 4th Edition"
"/media/Dados/bases/SWDE/restaurant/restaurant-fodors/0910.htm","Fodor's Maine Coast, 3rd Edition"
"/media/Dados/bases/SWDE/restaurant/restaurant-fodors/1919.htm","Fodor's Seattle's 25 Best, 4th Edition"
"/media/Dados/bases/SWDE/restaurant/restaurant-fodors/0729.htm","Fodor's Oahu, 3rd Edition"
"/media/Dados/bases/SWDE/restaurant/restaurant-fodors/1793.htm","Fodor's Texas, 1st Edition"
"/media/Dados/bases/SWDE/restaurant/restaurant-fodors/1616.htm","Fodor's Philadelphia & the Pennsylvania Dutch Country, 16th Edition"
"/media/Dados/bases/SWDE/restaurant/restaurant-fodors/1905.htm","Fodor's Seattle's 25 Best, 4th Edition"
"/media/Dados/bases/SWDE/restaurant/restaurant-fodors/0282.htm",Fodor's Southern California 2010
"/media/Dados/bases/SWDE/restaurant/restaurant-fodors/0633.htm","Fodor's The Carolinas & Georgia, 18th Edition"
"/media/Dados/bases/SWDE/restaurant/restaurant-fodors/1387.htm","Fodor's New York State, 2nd Edition"
"/media/Dados/bases/SWDE/restaurant/restaurant-fodors/1003.htm","Fodor's Cape Cod, Nantucket & Martha's Vineyard, 28th Edition"
"/media/Dados/bases/SWDE/restaurant/restaurant-fodors/0813.htm",Fodor's Chicago 2010
"/media/Dados/bases/SWDE/restaurant/restaurant-fodors/0285.htm",Fodor's Northern California 2010
"/media/Dados/bases/SWDE/restaurant/restaurant-fodors/1223.htm","Fodor's Santa Fe, Taos & Albuquerque, 2nd Edition"
"/media/Dados/bases/SWDE/restaurant/restaurant-fodors/0702.htm","Fodor's Oahu, 3rd Edition"
"/media/Dados/bases/SWDE/restaurant/restaurant-fodors/1637.htm","Compass American Guides: Pennsylvania, 3rd Edition"
"/media/Dados/bases/SWDE/restaurant/restaurant-fodors/1347.htm","Fodor's New York City's 25 Best, 8th Edition"
"/media/Dados/bases/SWDE/restaurant/restaurant-fodors/1568.htm","Fodor's Pacific Northwest, 17th Edition"
"/media/Dados/bases/SWDE/restaurant/restaurant-fodors/0144.htm",Fodor's Southern California 2010
"/media/Dados/bases/SWDE/restaurant/restaurant-fodors/0881.htm","Fodor's Maine Coast, 3rd Edition"
"/media/Dados/bases/SWDE/restaurant/restaurant-fodors/1684.htm","Compass American Guides: South Dakota, 3rd Edition"
"/media/Dados/bases/SWDE/restaurant/restaurant-fodors/1346.htm","Fodor's New York City's 25 Best, 8th Edition"
"/media/Dados/bases/SWDE/restaurant/restaurant-fodors/1915.htm","Fodor's Seattle's 25 Best, 4th Edition"
"/media/Dados/bases/SWDE/restaurant/restaurant-fodors/1625.htm","Fodor's Philadelphia & the Pennsylvania Dutch Country, 16th Edition"
"/media/Dados/bases/SWDE/restaurant/restaurant-fodors/0274.htm",Fodor's Southern California 2010
"/media/Dados/bases/SWDE/restaurant/restaurant-fodors/1021.htm","Fodor's Cape Cod, Nantucket & Martha's Vineyard, 28th Edition"
"/media/Dados/bases/SWDE/restaurant/restaurant-fodors/0165.htm",Fodor's Southern California 2010
"/media/Dados/bases/SWDE/restaurant/restaurant-fodors/0413.htm","Fodor's Colorado, 9th Edition"
"/media/Dados/bases/SWDE/restaurant/restaurant-fodors/0487.htm","Fodor's Washington, D.C. 2010"
"/media/Dados/bases/SWDE/restaurant/restaurant-fodors/0355.htm",Fodor's Southern California 2010
"/media/Dados/bases/SWDE/restaurant/restaurant-fodors/1377.htm","Fodor's New York City's 25 Best, 8th Edition"
"/media/Dados/bases/SWDE/restaurant/restaurant-fodors/0416.htm","Fodor's Colorado, 9th Edition"
"/media/Dados/bases/SWDE/restaurant/restaurant-fodors/0947.htm","Fodor's Virginia & Maryland, 10th Edition"
"/media/Dados/bases/SWDE/restaurant/restaurant-fodors/1991.htm","Compass American Guides: Wyoming, 5th Edition"
"/media/Dados/bases/SWDE/restaurant/restaurant-fodors/1573.htm","Fodor's Pacific Northwest, 17th Edition"
"/media/Dados/bases/SWDE/restaurant/restaurant-fodors/1417.htm","Fodor's New York State, 2nd Edition"
"/media/Dados/bases/SWDE/restaurant/restaurant-fodors/0994.htm",Fodor's Boston 2011
"/media/Dados/bases/SWDE/restaurant/restaurant-fodors/1937.htm","Fodor's Seattle's 25 Best, 4th Edition"
"/media/Dados/bases/SWDE/restaurant/restaurant-fodors/1957.htm","Fodor's Pacific Northwest, 17th Edition"
"/media/Dados/bases/SWDE/restaurant/restaurant-fodors/1953.htm","Fodor's Pacific Northwest, 17th Edition"
"/media/Dados/bases/SWDE/restaurant/restaurant-fodors/0792.htm",Fodor's Chicago 2010
"/media/Dados/bases/SWDE/restaurant/restaurant-fodors/0868.htm","Fodor's Maine Coast, 3rd Edition"
"/media/Dados/bases/SWDE/restaurant/restaurant-fodors/0452.htm","Fodor's New England, 29th Edition"
"/media/Dados/bases/SWDE/restaurant/restaurant-fodors/0084.htm",Fodor's Arizona & the Grand Canyon 2010
"/media/Dados/bases/SWDE/restaurant/restaurant-fodors/1600.htm","Fodor's Philadelphia & the Pennsylvania Dutch Country, 16th Edition"
"/media/Dados/bases/SWDE/restaurant/restaurant-fodors/1474.htm","Fodor's The Carolinas & Georgia, 18th Edition"
"/media/Dados/bases/SWDE/restaurant/restaurant-fodors/0930.htm","Fodor's Virginia & Maryland, 10th Edition"
"/media/Dados/bases/SWDE/restaurant/restaurant-fodors/0417.htm","Fodor's Colorado, 9th Edition"
"/media/Dados/bases/SWDE/restaurant/restaurant-fodors/0250.htm",Fodor's Southern California 2010
"/media/Dados/bases/SWDE/restaurant/restaurant-fodors/1783.htm","Fodor's Texas, 1st Edition"
"/media/Dados/bases/SWDE/restaurant/restaurant-fodors/1956.htm","Fodor's Pacific Northwest, 17th Edition"
"/media/Dados/bases/SWDE/restaurant/restaurant-fodors/1166.htm",Fodor's Las Vegas 2010
"/media/Dados/bases/SWDE/restaurant/restaurant-fodors/1213.htm","Fodor's Santa Fe, Taos & Albuquerque, 2nd Edition"
"/media/Dados/bases/SWDE/restaurant/restaurant-fodors/0181.htm",Fodor's Southern California 2010
"/media/Dados/bases/SWDE/restaurant/restaurant-fodors/0647.htm","Fodor's The Carolinas & Georgia, 18th Edition"
"/media/Dados/bases/SWDE/restaurant/restaurant-fodors/1988.htm","Compass American Guides: Wyoming, 5th Edition"
"/media/Dados/bases/SWDE/restaurant/restaurant-fodors/1111.htm","Fodor's Montana & Wyoming, 4th Edition"
"/media/Dados/bases/SWDE/restaurant/restaurant-fodors/0310.htm",Fodor's Northern California 2010
"/media/Dados/bases/SWDE/restaurant/restaurant-fodors/0421.htm","Fodor's Colorado, 9th Edition"
"/media/Dados/bases/SWDE/restaurant/restaurant-fodors/0782.htm",Fodor's Chicago 2010
"/media/Dados/bases/SWDE/restaurant/restaurant-fodors/1267.htm","Fodor's New Mexico, 7th Edition"
"/media/Dados/bases/SWDE/restaurant/restaurant-fodors/1808.htm","Fodor's Utah, 4th Edition"
"/media/Dados/bases/SWDE/restaurant/restaurant-fodors/1839.htm","Fodor's Utah, 4th Edition"
"/media/Dados/bases/SWDE/restaurant/restaurant-fodors/1929.htm","Fodor's Seattle's 25 Best, 4th Edition"
"/media/Dados/bases/SWDE/restaurant/restaurant-fodors/1416.htm","Fodor's New York State, 2nd Edition"
"/media/Dados/bases/SWDE/restaurant/restaurant-fodors/1829.htm","Fodor's Utah, 4th Edition"
"/media/Dados/bases/SWDE/restaurant/restaurant-fodors/1485.htm","Fodor's The Carolinas & Georgia, 18th Edition"
"/media/Dados/bases/SWDE/restaurant/restaurant-fodors/0088.htm",Fodor's Arizona & the Grand Canyon 2010
"/media/Dados/bases/SWDE/restaurant/restaurant-fodors/0284.htm",Fodor's Northern California 2010
"/media/Dados/bases/SWDE/restaurant/restaurant-fodors/1596.htm","Fodor's Philadelphia & the Pennsylvania Dutch Country, 16th Edition"
"/media/Dados/bases/SWDE/restaurant/restaurant-fodors/1623.htm","Fodor's Philadelphia & the Pennsylvania Dutch Country, 16th Edition"
"/media/Dados/bases/SWDE/restaurant/restaurant-fodors/1176.htm",Fodor's Las Vegas 2010
"/media/Dados/bases/SWDE/restaurant/restaurant-fodors/0047.htm","Fodor's In Focus Grand Canyon National Park, 1st Edition"
"/media/Dados/bases/SWDE/restaurant/restaurant-fodors/0488.htm","Fodor's Washington, D.C. 2010"
"/media/Dados/bases/SWDE/restaurant/restaurant-fodors/1884.htm","Fodor's Virginia & Maryland, 10th Edition"
"/media/Dados/bases/SWDE/restaurant/restaurant-fodors/1352.htm","Fodor's New York City's 25 Best, 8th Edition"
"/media/Dados/bases/SWDE/restaurant/restaurant-fodors/0068.htm",Fodor's Arizona & the Grand Canyon 2010
"/media/Dados/bases/SWDE/restaurant/restaurant-fodors/1355.htm","Fodor's New York City's 25 Best, 8th Edition"
"/media/Dados/bases/SWDE/restaurant/restaurant-fodors/1716.htm","Fodor's Texas, 1st Edition"
"/media/Dados/bases/SWDE/restaurant/restaurant-fodors/1170.htm",Fodor's Las Vegas 2010
"/media/Dados/bases/SWDE/restaurant/restaurant-fodors/1102.htm","Fodor's Montana & Wyoming, 4th Edition"
"/media/Dados/bases/SWDE/restaurant/restaurant-fodors/0713.htm","Fodor's Oahu, 3rd Edition"
"/media/Dados/bases/SWDE/restaurant/restaurant-fodors/1648.htm","Fodor's New England, 29th Edition"
"/media/Dados/bases/SWDE/restaurant/restaurant-fodors/0090.htm",Fodor's Arizona & the Grand Canyon 2010
"/media/Dados/bases/SWDE/restaurant/restaurant-fodors/1189.htm","Fodor's New England, 29th Edition"
"/media/Dados/bases/SWDE/restaurant/restaurant-fodors/0114.htm",Fodor's Arizona & the Grand Canyon 2010
"/media/Dados/bases/SWDE/restaurant/restaurant-fodors/0889.htm","Fodor's Maine Coast, 3rd Edition"
"/media/Dados/bases/SWDE/restaurant/restaurant-fodors/1009.htm","Fodor's Cape Cod, Nantucket & Martha's Vineyard, 28th Edition"
"/media/Dados/bases/SWDE/restaurant/restaurant-fodors/1349.htm","Fodor's New York City's 25 Best, 8th Edition"
"/media/Dados/bases/SWDE/restaurant/restaurant-fodors/1911.htm","Fodor's Seattle's 25 Best, 4th Edition"
"/media/Dados/bases/SWDE/restaurant/restaurant-fodors/1859.htm","Fodor's New England, 29th Edition"
"/media/Dados/bases/SWDE/restaurant/restaurant-fodors/0914.htm","Fodor's Virginia & Maryland, 10th Edition"
"/media/Dados/bases/SWDE/restaurant/restaurant-fodors/1741.htm","Fodor's Texas, 1st Edition"
"/media/Dados/bases/SWDE/restaurant/restaurant-fodors/1288.htm","Fodor's New York State, 2nd Edition"
"/media/Dados/bases/SWDE/restaurant/restaurant-fodors/0270.htm",Fodor's Southern California 2010
"/media/Dados/bases/SWDE/restaurant/restaurant-fodors/0178.htm",Fodor's Southern California 2010
"/media/Dados/bases/SWDE/restaurant/restaurant-fodors/0014.htm",Fodor's Alaska 2010
"/media/Dados/bases/SWDE/restaurant/restaurant-fodors/1283.htm","Fodor's New York State, 2nd Edition"
"/media/Dados/bases/SWDE/restaurant/restaurant-fodors/1391.htm","Fodor's New York State, 2nd Edition"
"/media/Dados/bases/SWDE/restaurant/restaurant-fodors/0362.htm",Fodor's Northern California 2010
"/media/Dados/bases/SWDE/restaurant/restaurant-fodors/0171.htm",Fodor's Southern California 2010
"/media/Dados/bases/SWDE/restaurant/restaurant-fodors/1401.htm","Fodor's New York State, 2nd Edition"
"/media/Dados/bases/SWDE/restaurant/restaurant-fodors/0891.htm","Fodor's Maine Coast, 3rd Edition"
"/media/Dados/bases/SWDE/restaurant/restaurant-fodors/1389.htm","Fodor's New York State, 2nd Edition"
"/media/Dados/bases/SWDE/restaurant/restaurant-fodors/0060.htm",Fodor's Arizona & the Grand Canyon 2010
"/media/Dados/bases/SWDE/restaurant/restaurant-fodors/1563.htm","Fodor's Pacific Northwest, 17th Edition"
"/media/Dados/bases/SWDE/restaurant/restaurant-fodors/0661.htm","Fodor's The Carolinas & Georgia, 18th Edition"
"/media/Dados/bases/SWDE/restaurant/restaurant-fodors/1786.htm","Fodor's Texas, 1st Edition"
"/media/Dados/bases/SWDE/restaurant/restaurant-fodors/0955.htm","Fodor's Virginia & Maryland, 10th Edition"
"/media/Dados/bases/SWDE/restaurant/restaurant-fodors/0801.htm",Fodor's Chicago 2010
"/media/Dados/bases/SWDE/restaurant/restaurant-fodors/1364.htm","Fodor's New York City's 25 Best, 8th Edition"
"/media/Dados/bases/SWDE/restaurant/restaurant-fodors/1756.htm","Fodor's Texas, 1st Edition"
"/media/Dados/bases/SWDE/restaurant/restaurant-fodors/0360.htm",Fodor's Southern California 2010
"/media/Dados/bases/SWDE/restaurant/restaurant-fodors/0945.htm","Fodor's Virginia & Maryland, 10th Edition"
"/media/Dados/bases/SWDE/restaurant/restaurant-fodors/1780.htm","Fodor's Texas, 1st Edition"
"/media/Dados/bases/SWDE/restaurant/restaurant-fodors/0937.htm","Fodor's Virginia & Maryland, 10th Edition"
"/media/Dados/bases/SWDE/restaurant/restaurant-fodors/0457.htm","Fodor's Washington, D.C. 2010"
"/media/Dados/bases/SWDE/restaurant/restaurant-fodors/1755.htm","Fodor's Texas, 1st Edition"
"/media/Dados/bases/SWDE/restaurant/restaurant-fodors/1011.htm","Fodor's Cape Cod, Nantucket & Martha's Vineyard, 28th Edition"
"/media/Dados/bases/SWDE/restaurant/restaurant-fodors/1397.htm","Fodor's New York State, 2nd Edition"
"/media/Dados/bases/SWDE/restaurant/restaurant-fodors/1305.htm","Fodor's New York State, 2nd Edition"
"/media/Dados/bases/SWDE/restaurant/restaurant-fodors/0076.htm",Fodor's Arizona & the Grand Canyon 2010
"/media/Dados/bases/SWDE/restaurant/restaurant-fodors/1468.htm","Fodor's The Carolinas & Georgia, 18th Edition"
"/media/Dados/bases/SWDE/restaurant/restaurant-fodors/1015.htm","Fodor's Cape Cod, Nantucket & Martha's Vineyard, 28th Edition"
"/media/Dados/bases/SWDE/restaurant/restaurant-fodors/1217.htm","Fodor's Santa Fe, Taos & Albuquerque, 2nd Edition"
"/media/Dados/bases/SWDE/restaurant/restaurant-fodors/1452.htm","Fodor's New York State, 2nd Edition"
"/media/Dados/bases/SWDE/restaurant/restaurant-fodors/1737.htm","Fodor's Texas, 1st Edition"
"/media/Dados/bases/SWDE/restaurant/restaurant-fodors/0953.htm","Fodor's Virginia & Maryland, 10th Edition"
"/media/Dados/bases/SWDE/restaurant/restaurant-fodors/1908.htm","Fodor's Seattle's 25 Best, 4th Edition"
"/media/Dados/bases/SWDE/restaurant/restaurant-fodors/1164.htm",Fodor's Las Vegas 2010
"/media/Dados/bases/SWDE/restaurant/restaurant-fodors/1436.htm","Fodor's New York State, 2nd Edition"
"/media/Dados/bases/SWDE/restaurant/restaurant-fodors/0224.htm",Fodor's Southern California 2010
"/media/Dados/bases/SWDE/restaurant/restaurant-fodors/0478.htm","Fodor's Washington, D.C. 2010"
"/media/Dados/bases/SWDE/restaurant/restaurant-fodors/0322.htm",Fodor's Northern California 2010
"/media/Dados/bases/SWDE/restaurant/restaurant-fodors/0127.htm",Fodor's Northern California 2010
"/media/Dados/bases/SWDE/restaurant/restaurant-fodors/0993.htm",Fodor's Boston 2011
"/media/Dados/bases/SWDE/restaurant/restaurant-fodors/1973.htm","Compass American Guides: Wyoming, 5th Edition"
"/media/Dados/bases/SWDE/restaurant/restaurant-fodors/0652.htm","Fodor's The Carolinas & Georgia, 18th Edition"
"/media/Dados/bases/SWDE/restaurant/restaurant-fodors/0137.htm",Fodor's Northern California 2010
"/media/Dados/bases/SWDE/restaurant/restaurant-fodors/1603.htm","Fodor's Philadelphia & the Pennsylvania Dutch Country, 16th Edition"
"/media/Dados/bases/SWDE/restaurant/restaurant-fodors/1338.htm","Fodor's New York City's 25 Best, 8th Edition"
"/media/Dados/bases/SWDE/restaurant/restaurant-fodors/1246.htm","Fodor's Santa Fe, Taos & Albuquerque, 2nd Edition"
"/media/Dados/bases/SWDE/restaurant/restaurant-fodors/1832.htm","Fodor's Utah, 4th Edition"
"/media/Dados/bases/SWDE/restaurant/restaurant-fodors/1940.htm","Fodor's Pacific Northwest, 17th Edition"
"/media/Dados/bases/SWDE/restaurant/restaurant-fodors/1307.htm","Fodor's New York State, 2nd Edition"
"/media/Dados/bases/SWDE/restaurant/restaurant-fodors/1243.htm","Fodor's Santa Fe, Taos & Albuquerque, 2nd Edition"
"/media/Dados/bases/SWDE/restaurant/restaurant-fodors/1481.htm","Fodor's The Carolinas & Georgia, 18th Edition"
"/media/Dados/bases/SWDE/restaurant/restaurant-fodors/1608.htm","Fodor's Philadelphia & the Pennsylvania Dutch Country, 16th Edition"
"/media/Dados/bases/SWDE/restaurant/restaurant-fodors/1863.htm","Fodor's Virginia & Maryland, 10th Edition"
"/media/Dados/bases/SWDE/restaurant/restaurant-fodors/1013.htm","Fodor's Cape Cod, Nantucket & Martha's Vineyard, 28th Edition"
"/media/Dados/bases/SWDE/restaurant/restaurant-fodors/1343.htm","Fodor's New York City's 25 Best, 8th Edition"
"/media/Dados/bases/SWDE/restaurant/restaurant-fodors/0106.htm",Fodor's Arizona & the Grand Canyon 2010
"/media/Dados/bases/SWDE/restaurant/restaurant-fodors/0995.htm",Fodor's Boston 2011
"/media/Dados/bases/SWDE/restaurant/restaurant-fodors/1662.htm","Fodor's In Focus Charleston, 1st Edition"
"/media/Dados/bases/SWDE/restaurant/restaurant-fodors/0654.htm","Fodor's The Carolinas & Georgia, 18th Edition"
"/media/Dados/bases/SWDE/restaurant/restaurant-fodors/0354.htm",Fodor's Southern California 2010
"/media/Dados/bases/SWDE/restaurant/restaurant-fodors/1473.htm","Fodor's The Carolinas & Georgia, 18th Edition"
"/media/Dados/bases/SWDE/restaurant/restaurant-fodors/1237.htm","Fodor's Santa Fe, Taos & Albuquerque, 2nd Edition"
"/media/Dados/bases/SWDE/restaurant/restaurant-fodors/0059.htm",Fodor's Arizona & the Grand Canyon 2010
"/media/Dados/bases/SWDE/restaurant/restaurant-fodors/0278.htm",Fodor's Southern California 2010
"/media/Dados/bases/SWDE/restaurant/restaurant-fodors/0102.htm",Fodor's Arizona & the Grand Canyon 2010
"/media/Dados/bases/SWDE/restaurant/restaurant-fodors/1200.htm","Fodor's New England, 29th Edition"
"/media/Dados/bases/SWDE/restaurant/restaurant-fodors/0096.htm",Fodor's Arizona & the Grand Canyon 2010
"/media/Dados/bases/SWDE/restaurant/restaurant-fodors/1641.htm","Fodor's New England, 29th Edition"
"/media/Dados/bases/SWDE/restaurant/restaurant-fodors/1418.htm","Fodor's New York State, 2nd Edition"
"/media/Dados/bases/SWDE/restaurant/restaurant-fodors/0787.htm",Fodor's Chicago 2010
"/media/Dados/bases/SWDE/restaurant/restaurant-fodors/0330.htm",Fodor's Northern California 2010
"/media/Dados/bases/SWDE/restaurant/restaurant-fodors/0796.htm",Fodor's Chicago 2010
"/media/Dados/bases/SWDE/restaurant/restaurant-fodors/1738.htm","Fodor's Texas, 1st Edition"
"/media/Dados/bases/SWDE/restaurant/restaurant-fodors/0277.htm",Fodor's Southern California 2010
"/media/Dados/bases/SWDE/restaurant/restaurant-fodors/1866.htm","Fodor's Virginia & Maryland, 10th Edition"
"/media/Dados/bases/SWDE/restaurant/restaurant-fodors/0949.htm","Fodor's Virginia & Maryland, 10th Edition"
"/media/Dados/bases/SWDE/restaurant/restaurant-fodors/1904.htm","Fodor's Seattle's 25 Best, 4th Edition"
"/media/Dados/bases/SWDE/restaurant/restaurant-fodors/1091.htm","Fodor's Montana & Wyoming, 4th Edition"
"/media/Dados/bases/SWDE/restaurant/restaurant-fodors/0650.htm","Fodor's The Carolinas & Georgia, 18th Edition"
"/media/Dados/bases/SWDE/restaurant/restaurant-fodors/1373.htm","Fodor's New York City's 25 Best, 8th Edition"
"/media/Dados/bases/SWDE/restaurant/restaurant-fodors/1174.htm",Fodor's Las Vegas 2010
"/media/Dados/bases/SWDE/restaurant/restaurant-fodors/0462.htm","Fodor's Washington, D.C. 2010"
"/media/Dados/bases/SWDE/restaurant/restaurant-fodors/0916.htm","Fodor's Virginia & Maryland, 10th Edition"
"/media/Dados/bases/SWDE/restaurant/restaurant-fodors/1040.htm","Fodor's Cape Cod, Nantucket & Martha's Vineyard, 28th Edition"
"/media/Dados/bases/SWDE/restaurant/restaurant-fodors/1851.htm","Fodor's New England, 29th Edition"
"/media/Dados/bases/SWDE/restaurant/restaurant-fodors/1334.htm","Fodor's New York City's 25 Best, 8th Edition"
"/media/Dados/bases/SWDE/restaurant/restaurant-fodors/1601.htm","Fodor's Philadelphia & the Pennsylvania Dutch Country, 16th Edition"
"/media/Dados/bases/SWDE/restaurant/restaurant-fodors/1421.htm","Fodor's New York State, 2nd Edition"
"/media/Dados/bases/SWDE/restaurant/restaurant-fodors/0425.htm","Fodor's Colorado, 9th Edition"
"/media/Dados/bases/SWDE/restaurant/restaurant-fodors/0996.htm","Fodor's Cape Cod, Nantucket & Martha's Vineyard, 28th Edition"
"/media/Dados/bases/SWDE/restaurant/restaurant-fodors/0080.htm",Fodor's Arizona & the Grand Canyon 2010
"/media/Dados/bases/SWDE/restaurant/restaurant-fodors/0643.htm","Fodor's The Carolinas & Georgia, 18th Edition"
"/media/Dados/bases/SWDE/restaurant/restaurant-fodors/0998.htm","Fodor's Cape Cod, Nantucket & Martha's Vineyard, 28th Edition"
"/media/Dados/bases/SWDE/restaurant/restaurant-fodors/1852.htm","Fodor's New England, 29th Edition"
"/media/Dados/bases/SWDE/restaurant/restaurant-fodors/1376.htm","Fodor's New York City's 25 Best, 8th Edition"
"/media/Dados/bases/SWDE/restaurant/restaurant-fodors/0260.htm",Fodor's Southern California 2010
"/media/Dados/bases/SWDE/restaurant/restaurant-fodors/1440.htm","Fodor's New York State, 2nd Edition"
"/media/Dados/bases/SWDE/restaurant/restaurant-fodors/0638.htm","Fodor's The Carolinas & Georgia, 18th Edition"
"/media/Dados/bases/SWDE/restaurant/restaurant-fodors/0291.htm",Fodor's Northern California 2010
"/media/Dados/bases/SWDE/restaurant/restaurant-fodors/0345.htm",Fodor's Northern California 2010
"/media/Dados/bases/SWDE/restaurant/restaurant-fodors/0944.htm","Fodor's Virginia & Maryland, 10th Edition"
"/media/Dados/bases/SWDE/restaurant/restaurant-fodors/0027.htm",Fodor's Alaska 2010
"/media/Dados/bases/SWDE/restaurant/restaurant-fodors/1173.htm",Fodor's Las Vegas 2010
"/media/Dados/bases/SWDE/restaurant/restaurant-fodors/1008.htm","Fodor's Cape Cod, Nantucket & Martha's Vineyard, 28th Edition"
"/media/Dados/bases/SWDE/restaurant/restaurant-fodors/1868.htm","Fodor's Virginia & Maryland, 10th Edition"
"/media/Dados/bases/SWDE/restaurant/restaurant-fodors/0875.htm","Fodor's Maine Coast, 3rd Edition"
"/media/Dados/bases/SWDE/restaurant/restaurant-fodors/1995.htm","Compass American Guides: Wyoming, 5th Edition"
"/media/Dados/bases/SWDE/restaurant/restaurant-fodors/1857.htm","Fodor's New England, 29th Edition"
"/media/Dados/bases/SWDE/restaurant/restaurant-fodors/0326.htm",Fodor's Northern California 2010
"/media/Dados/bases/SWDE/restaurant/restaurant-fodors/1120.htm","Fodor's Montana & Wyoming, 4th Edition"
"/media/Dados/bases/SWDE/restaurant/restaurant-fodors/1923.htm","Fodor's Seattle's 25 Best, 4th Edition"
"/media/Dados/bases/SWDE/restaurant/restaurant-fodors/1284.htm","Fodor's New York State, 2nd Edition"
"/media/Dados/bases/SWDE/restaurant/restaurant-fodors/1802.htm","Fodor's Texas, 1st Edition"
"/media/Dados/bases/SWDE/restaurant/restaurant-fodors/1406.htm","Fodor's New York State, 2nd Edition"
"/media/Dados/bases/SWDE/restaurant/restaurant-fodors/1790.htm","Fodor's Texas, 1st Edition"
"/media/Dados/bases/SWDE/restaurant/restaurant-fodors/0150.htm",Fodor's Southern California 2010
"/media/Dados/bases/SWDE/restaurant/restaurant-fodors/1309.htm","Fodor's New York State, 2nd Edition"
"/media/Dados/bases/SWDE/restaurant/restaurant-fodors/0483.htm","Fodor's Washington, D.C. 2010"
"/media/Dados/bases/SWDE/restaurant/restaurant-fodors/0894.htm","Fodor's Maine Coast, 3rd Edition"
"/media/Dados/bases/SWDE/restaurant/restaurant-fodors/0240.htm",Fodor's Southern California 2010
"/media/Dados/bases/SWDE/restaurant/restaurant-fodors/1683.htm","Fodor's The Carolinas & Georgia, 18th Edition"
"/media/Dados/bases/SWDE/restaurant/restaurant-fodors/1810.htm","Fodor's Utah, 4th Edition"
"/media/Dados/bases/SWDE/restaurant/restaurant-fodors/1479.htm","Fodor's The Carolinas & Georgia, 18th Edition"
"/media/Dados/bases/SWDE/restaurant/restaurant-fodors/0412.htm","Fodor's Colorado, 9th Edition"
"/media/Dados/bases/SWDE/restaurant/restaurant-fodors/1370.htm","Fodor's New York City's 25 Best, 8th Edition"
"/media/Dados/bases/SWDE/restaurant/restaurant-fodors/0934.htm","Fodor's Virginia & Maryland, 10th Edition"
"/media/Dados/bases/SWDE/restaurant/restaurant-fodors/1383.htm","Fodor's New York City's 25 Best, 8th Edition"
"/media/Dados/bases/SWDE/restaurant/restaurant-fodors/0079.htm",Fodor's Arizona & the Grand Canyon 2010
"/media/Dados/bases/SWDE/restaurant/restaurant-fodors/0026.htm",Fodor's Alaska 2010
"/media/Dados/bases/SWDE/restaurant/restaurant-fodors/1117.htm","Fodor's Montana & Wyoming, 4th Edition"
"/media/Dados/bases/SWDE/restaurant/restaurant-fodors/1750.htm","Fodor's Texas, 1st Edition"
"/media/Dados/bases/SWDE/restaurant/restaurant-fodors/0798.htm",Fodor's Chicago 2010
"/media/Dados/bases/SWDE/restaurant/restaurant-fodors/1439.htm","Fodor's New York State, 2nd Edition"
"/media/Dados/bases/SWDE/restaurant/restaurant-fodors/0623.htm",Fodor's Walt Disney World with Kids 2011
"/media/Dados/bases/SWDE/restaurant/restaurant-fodors/1787.htm","Fodor's Texas, 1st Edition"
"/media/Dados/bases/SWDE/restaurant/restaurant-fodors/1663.htm","Fodor's In Focus Charleston, 1st Edition"
"/media/Dados/bases/SWDE/restaurant/restaurant-fodors/1408.htm","Fodor's New York State, 2nd Edition"
"/media/Dados/bases/SWDE/restaurant/restaurant-fodors/0343.htm",Fodor's Southern California 2010
"/media/Dados/bases/SWDE/restaurant/restaurant-fodors/1838.htm","Fodor's Utah, 4th Edition"
"/media/Dados/bases/SWDE/restaurant/restaurant-fodors/1858.htm","Fodor's New England, 29th Edition"
"/media/Dados/bases/SWDE/restaurant/restaurant-fodors/0269.htm",Fodor's Southern California 2010
"/media/Dados/bases/SWDE/restaurant/restaurant-fodors/1457.htm","Fodor's The Carolinas & Georgia, 18th Edition"
"/media/Dados/bases/SWDE/restaurant/restaurant-fodors/1934.htm","Fodor's Seattle's 25 Best, 4th Edition"
"/media/Dados/bases/SWDE/restaurant/restaurant-fodors/0885.htm","Fodor's Maine Coast, 3rd Edition"
"/media/Dados/bases/SWDE/restaurant/restaurant-fodors/0315.htm",Fodor's Northern California 2010
"/media/Dados/bases/SWDE/restaurant/restaurant-fodors/1913.htm","Fodor's Seattle's 25 Best, 4th Edition"
"/media/Dados/bases/SWDE/restaurant/restaurant-fodors/0237.htm",Fodor's Southern California 2010
"/media/Dados/bases/SWDE/restaurant/restaurant-fodors/0641.htm","Fodor's The Carolinas & Georgia, 18th Edition"
"/media/Dados/bases/SWDE/restaurant/restaurant-fodors/1145.htm",Fodor's Las Vegas 2010
"/media/Dados/bases/SWDE/restaurant/restaurant-fodors/1512.htm","Fodor's Pacific Northwest, 17th Edition"
"/media/Dados/bases/SWDE/restaurant/restaurant-fodors/0253.htm",Fodor's Southern California 2010
"/media/Dados/bases/SWDE/restaurant/restaurant-fodors/0139.htm",Fodor's Northern California 2010
"/media/Dados/bases/SWDE/restaurant/restaurant-fodors/1115.htm","Fodor's Montana & Wyoming, 4th Edition"
"/media/Dados/bases/SWDE/restaurant/restaurant-fodors/1239.htm","Fodor's Santa Fe, Taos & Albuquerque, 2nd Edition"
"/media/Dados/bases/SWDE/restaurant/restaurant-fodors/0206.htm",Fodor's Southern California 2010
"/media/Dados/bases/SWDE/restaurant/restaurant-fodors/0160.htm",Fodor's Southern California 2010
"/media/Dados/bases/SWDE/restaurant/restaurant-fodors/1579.htm","Compass American Guides: Oregon Wine Country, 2nd Edition"
"/media/Dados/bases/SWDE/restaurant/restaurant-fodors/0328.htm",Fodor's Northern California 2010
"/media/Dados/bases/SWDE/restaurant/restaurant-fodors/0167.htm",Fodor's Southern California 2010
"/media/Dados/bases/SWDE/restaurant/restaurant-fodors/1414.htm","Fodor's New York State, 2nd Edition"
"/media/Dados/bases/SWDE/restaurant/restaurant-fodors/0125.htm",Fodor's Northern California 2010
"/media/Dados/bases/SWDE/restaurant/restaurant-fodors/1926.htm","Fodor's Seattle's 25 Best, 4th Edition"
"/media/Dados/bases/SWDE/restaurant/restaurant-fodors/0156.htm",Fodor's Southern California 2010
"/media/Dados/bases/SWDE/restaurant/restaurant-fodors/1320.htm","Fodor's New York City's 25 Best, 8th Edition"
"/media/Dados/bases/SWDE/restaurant/restaurant-fodors/1253.htm","Fodor's Santa Fe, Taos & Albuquerque, 2nd Edition"
"/media/Dados/bases/SWDE/restaurant/restaurant-fodors/1472.htm","Fodor's The Carolinas & Georgia, 18th Edition"
"/media/Dados/bases/SWDE/restaurant/restaurant-fodors/0637.htm","Fodor's The Carolinas & Georgia, 18th Edition"
"/media/Dados/bases/SWDE/restaurant/restaurant-fodors/1931.htm","Fodor's Seattle's 25 Best, 4th Edition"
"/media/Dados/bases/SWDE/restaurant/restaurant-fodors/0073.htm",Fodor's Arizona & the Grand Canyon 2010
"/media/Dados/bases/SWDE/restaurant/restaurant-fodors/1585.htm","Compass American Guides: Pennsylvania, 3rd Edition"
"/media/Dados/bases/SWDE/restaurant/restaurant-fodors/1159.htm",Fodor's Las Vegas 2010
"/media/Dados/bases/SWDE/restaurant/restaurant-fodors/0460.htm","Fodor's Washington, D.C. 2010"
"/media/Dados/bases/SWDE/restaurant/restaurant-fodors/1873.htm","Fodor's Virginia & Maryland, 10th Edition"
"/media/Dados/bases/SWDE/restaurant/restaurant-fodors/1719.htm","Fodor's Texas, 1st Edition"
"/media/Dados/bases/SWDE/restaurant/restaurant-fodors/0471.htm","Fodor's Washington, D.C. 2010"
"/media/Dados/bases/SWDE/restaurant/restaurant-fodors/0873.htm","Fodor's Maine Coast, 3rd Edition"
"/media/Dados/bases/SWDE/restaurant/restaurant-fodors/0903.htm","Fodor's Maine Coast, 3rd Edition"
"/media/Dados/bases/SWDE/restaurant/restaurant-fodors/1791.htm","Fodor's Texas, 1st Edition"
"/media/Dados/bases/SWDE/restaurant/restaurant-fodors/1510.htm","Fodor's Pacific Northwest, 17th Edition"
"/media/Dados/bases/SWDE/restaurant/restaurant-fodors/1258.htm","Fodor's New Mexico, 7th Edition"
"/media/Dados/bases/SWDE/restaurant/restaurant-fodors/0743.htm","Fodor's Kaua'i, 3rd Edition"
"/media/Dados/bases/SWDE/restaurant/restaurant-fodors/1423.htm","Fodor's New York State, 2nd Edition"
"/media/Dados/bases/SWDE/restaurant/restaurant-fodors/0726.htm","Fodor's Oahu, 3rd Edition"
"/media/Dados/bases/SWDE/restaurant/restaurant-fodors/1467.htm","Fodor's The Carolinas & Georgia, 18th Edition"
"/media/Dados/bases/SWDE/restaurant/restaurant-fodors/1975.htm","Compass American Guides: Wyoming, 5th Edition"
"/media/Dados/bases/SWDE/restaurant/restaurant-fodors/0936.htm","Fodor's Virginia & Maryland, 10th Edition"
"/media/Dados/bases/SWDE/restaurant/restaurant-fodors/0745.htm","Fodor's Kaua'i, 3rd Edition"
"/media/Dados/bases/SWDE/restaurant/restaurant-fodors/1574.htm","Fodor's Pacific Northwest, 17th Edition"
"/media/Dados/bases/SWDE/restaurant/restaurant-fodors/0736.htm","Fodor's Kaua'i, 3rd Edition"
"/media/Dados/bases/SWDE/restaurant/restaurant-fodors/1103.htm","Fodor's Montana & Wyoming, 4th Edition"
"/media/Dados/bases/SWDE/restaurant/restaurant-fodors/1936.htm","Fodor's Seattle's 25 Best, 4th Edition"
"/media/Dados/bases/SWDE/restaurant/restaurant-fodors/1157.htm",Fodor's Las Vegas 2010
"/media/Dados/bases/SWDE/restaurant/restaurant-fodors/0071.htm",Fodor's Arizona & the Grand Canyon 2010
"/media/Dados/bases/SWDE/restaurant/restaurant-fodors/1037.htm","Fodor's Cape Cod, Nantucket & Martha's Vineyard, 28th Edition"
"/media/Dados/bases/SWDE/restaurant/restaurant-fodors/0136.htm",Fodor's Northern California 2010
"/media/Dados/bases/SWDE/restaurant/restaurant-fodors/1952.htm","Fodor's Pacific Northwest, 17th Edition"
"/media/Dados/bases/SWDE/restaurant/restaurant-fodors/0811.htm",Fodor's Chicago 2010
"/media/Dados/bases/SWDE/restaurant/restaurant-fodors/1903.htm","Fodor's Seattle's 25 Best, 4th Edition"
"/media/Dados/bases/SWDE/restaurant/restaurant-fodors/1090.htm","Fodor's Montana & Wyoming, 4th Edition"
"/media/Dados/bases/SWDE/restaurant/restaurant-fodors/0341.htm",Fodor's Southern California 2010
"/media/Dados/bases/SWDE/restaurant/restaurant-fodors/1385.htm","Fodor's New York State, 2nd Edition"
"/media/Dados/bases/SWDE/restaurant/restaurant-fodors/0445.htm","Fodor's New England, 29th Edition"
"/media/Dados/bases/SWDE/restaurant/restaurant-fodors/1155.htm",Fodor's Las Vegas 2010
"/media/Dados/bases/SWDE/restaurant/restaurant-fodors/1715.htm","Fodor's Texas, 1st Edition"
"/media/Dados/bases/SWDE/restaurant/restaurant-fodors/1233.htm","Fodor's New Mexico, 7th Edition"
"/media/Dados/bases/SWDE/restaurant/restaurant-fodors/0785.htm",Fodor's Chicago 2010
"/media/Dados/bases/SWDE/restaurant/restaurant-fodors/1225.htm","Fodor's Santa Fe, Taos & Albuquerque, 2nd Edition"
"/media/Dados/bases/SWDE/restaurant/restaurant-fodors/1944.htm","Fodor's Pacific Northwest, 17th Edition"
"/media/Dados/bases/SWDE/restaurant/restaurant-fodors/0705.htm","Fodor's Oahu, 3rd Edition"
"/media/Dados/bases/SWDE/restaurant/restaurant-fodors/0266.htm",Fodor's Southern California 2010
"/media/Dados/bases/SWDE/restaurant/restaurant-fodors/0742.htm","Fodor's Kaua'i, 3rd Edition"
"/media/Dados/bases/SWDE/restaurant/restaurant-fodors/1034.htm","Fodor's Cape Cod, Nantucket & Martha's Vineyard, 28th Edition"
"/media/Dados/bases/SWDE/restaurant/restaurant-fodors/1795.htm","Fodor's Texas, 1st Edition"
"/media/Dados/bases/SWDE/restaurant/restaurant-fodors/1196.htm","Fodor's New England, 29th Edition"
"/media/Dados/bases/SWDE/restaurant/restaurant-fodors/1818.htm","Fodor's Utah, 4th Edition"
"/media/Dados/bases/SWDE/restaurant/restaurant-fodors/0213.htm",Fodor's Southern California 2010
"/media/Dados/bases/SWDE/restaurant/restaurant-fodors/0245.htm",Fodor's Southern California 2010
"/media/Dados/bases/SWDE/restaurant/restaurant-fodors/1368.htm","Fodor's New York City's 25 Best, 8th Edition"
"/media/Dados/bases/SWDE/restaurant/restaurant-fodors/1441.htm","Fodor's New York State, 2nd Edition"
"/media/Dados/bases/SWDE/restaurant/restaurant-fodors/0806.htm",Fodor's Chicago 2010
"/media/Dados/bases/SWDE/restaurant/restaurant-fodors/1907.htm","Fodor's Seattle's 25 Best, 4th Edition"
"/media/Dados/bases/SWDE/restaurant/restaurant-fodors/0913.htm","Fodor's Virginia & Maryland, 10th Edition"
"/media/Dados/bases/SWDE/restaurant/restaurant-fodors/1161.htm",Fodor's Las Vegas 2010
"/media/Dados/bases/SWDE/restaurant/restaurant-fodors/0812.htm",Fodor's Chicago 2010
"/media/Dados/bases/SWDE/restaurant/restaurant-fodors/0220.htm",Fodor's Southern California 2010
"/media/Dados/bases/SWDE/restaurant/restaurant-fodors/1680.htm","Fodor's The Carolinas & Georgia, 18th Edition"
"/media/Dados/bases/SWDE/restaurant/restaurant-fodors/0094.htm",Fodor's Arizona & the Grand Canyon 2010
"/media/Dados/bases/SWDE/restaurant/restaurant-fodors/1855.htm","Fodor's New England, 29th Edition"
"/media/Dados/bases/SWDE/restaurant/restaurant-fodors/1160.htm",Fodor's Las Vegas 2010
"/media/Dados/bases/SWDE/restaurant/restaurant-fodors/0021.htm","Compass American Guides: Alaska's Inside Passage, 2nd Edition"
"/media/Dados/bases/SWDE/restaurant/restaurant-fodors/1012.htm","Fodor's Cape Cod, Nantucket & Martha's Vineyard, 28th Edition"
"/media/Dados/bases/SWDE/restaurant/restaurant-fodors/1190.htm","Fodor's New England, 29th Edition"
"/media/Dados/bases/SWDE/restaurant/restaurant-fodors/0256.htm",Fodor's Southern California 2010
"/media/Dados/bases/SWDE/restaurant/restaurant-fodors/0083.htm",Fodor's Arizona & the Grand Canyon 2010
"/media/Dados/bases/SWDE/restaurant/restaurant-fodors/1017.htm","Fodor's Cape Cod, Nantucket & Martha's Vineyard, 28th Edition"
"/media/Dados/bases/SWDE/restaurant/restaurant-fodors/0781.htm",Fodor's Chicago 2010
"/media/Dados/bases/SWDE/restaurant/restaurant-fodors/1348.htm","Fodor's New York City's 25 Best, 8th Edition"
"/media/Dados/bases/SWDE/restaurant/restaurant-fodors/0334.htm",Fodor's Northern California 2010
"/media/Dados/bases/SWDE/restaurant/restaurant-fodors/1435.htm","Fodor's New York State, 2nd Edition"
"/media/Dados/bases/SWDE/restaurant/restaurant-fodors/1138.htm",Fodor's Las Vegas 2010
"/media/Dados/bases/SWDE/restaurant/restaurant-fodors/0045.htm","Fodor's In Focus Grand Canyon National Park, 1st Edition"
"/media/Dados/bases/SWDE/restaurant/restaurant-fodors/0147.htm",Fodor's Southern California 2010
"/media/Dados/bases/SWDE/restaurant/restaurant-fodors/1627.htm","Fodor's Philadelphia & the Pennsylvania Dutch Country, 16th Edition"
"/media/Dados/bases/SWDE/restaurant/restaurant-fodors/1271.htm","Fodor's New Mexico, 7th Edition"
"/media/Dados/bases/SWDE/restaurant/restaurant-fodors/1879.htm","Fodor's Virginia & Maryland, 10th Edition"
"/media/Dados/bases/SWDE/restaurant/restaurant-fodors/1194.htm","Fodor's New England, 29th Edition"
"/media/Dados/bases/SWDE/restaurant/restaurant-fodors/0158.htm",Fodor's Southern California 2010
"/media/Dados/bases/SWDE/restaurant/restaurant-fodors/0241.htm",Fodor's Southern California 2010
"/media/Dados/bases/SWDE/restaurant/restaurant-fodors/1881.htm","Fodor's Virginia & Maryland, 10th Edition"
"/media/Dados/bases/SWDE/restaurant/restaurant-fodors/0887.htm","Fodor's Maine Coast, 3rd Edition"
"/media/Dados/bases/SWDE/restaurant/restaurant-fodors/0077.htm",Fodor's Arizona & the Grand Canyon 2010
"/media/Dados/bases/SWDE/restaurant/restaurant-fodors/0039.htm",Fodor's Alaska 2010
"/media/Dados/bases/SWDE/restaurant/restaurant-fodors/1477.htm","Fodor's The Carolinas & Georgia, 18th Edition"
"/media/Dados/bases/SWDE/restaurant/restaurant-fodors/0042.htm",Fodor's Arizona & the Grand Canyon 2010
"/media/Dados/bases/SWDE/restaurant/restaurant-fodors/0454.htm","Fodor's New England, 29th Edition"
"/media/Dados/bases/SWDE/restaurant/restaurant-fodors/1356.htm","Fodor's New York City's 25 Best, 8th Edition"
"/media/Dados/bases/SWDE/restaurant/restaurant-fodors/0095.htm",Fodor's Arizona & the Grand Canyon 2010
"/media/Dados/bases/SWDE/restaurant/restaurant-fodors/1249.htm","Fodor's Santa Fe, Taos & Albuquerque, 2nd Edition"
"/media/Dados/bases/SWDE/restaurant/restaurant-fodors/0946.htm","Fodor's Virginia & Maryland, 10th Edition"
"/media/Dados/bases/SWDE/restaurant/restaurant-fodors/0010.htm",Fodor's Alaska 2010
"/media/Dados/bases/SWDE/restaurant/restaurant-fodors/1319.htm","Fodor's New York City's 25 Best, 8th Edition"
"/media/Dados/bases/SWDE/restaurant/restaurant-fodors/1140.htm",Fodor's Las Vegas 2010
"/media/Dados/bases/SWDE/restaurant/restaurant-fodors/0791.htm",Fodor's Chicago 2010
"/media/Dados/bases/SWDE/restaurant/restaurant-fodors/0879.htm","Fodor's Maine Coast, 3rd Edition"
"/media/Dados/bases/SWDE/restaurant/restaurant-fodors/0807.htm",Fodor's Chicago 2010
"/media/Dados/bases/SWDE/restaurant/restaurant-fodors/0737.htm","Fodor's Kaua'i, 3rd Edition"
"/media/Dados/bases/SWDE/restaurant/restaurant-fodors/0777.htm",Fodor's Chicago 2010
"/media/Dados/bases/SWDE/restaurant/restaurant-fodors/0338.htm",Fodor's Southern California 2010
"/media/Dados/bases/SWDE/restaurant/restaurant-fodors/1922.htm","Fodor's Seattle's 25 Best, 4th Edition"
"/media/Dados/bases/SWDE/restaurant/restaurant-fodors/1614.htm","Fodor's Philadelphia & the Pennsylvania Dutch Country, 16th Edition"
"/media/Dados/bases/SWDE/restaurant/restaurant-fodors/1987.htm","Compass American Guides: Wyoming, 5th Edition"
"/media/Dados/bases/SWDE/restaurant/restaurant-fodors/1813.htm","Fodor's Utah, 4th Edition"
"/media/Dados/bases/SWDE/restaurant/restaurant-fodors/0055.htm",Fodor's Arizona & the Grand Canyon 2010
"/media/Dados/bases/SWDE/restaurant/restaurant-fodors/1336.htm","Fodor's New York City's 25 Best, 8th Edition"
"/media/Dados/bases/SWDE/restaurant/restaurant-fodors/0295.htm",Fodor's Northern California 2010
"/media/Dados/bases/SWDE/restaurant/restaurant-fodors/0161.htm",Fodor's Southern California 2010
"/media/Dados/bases/SWDE/restaurant/restaurant-fodors/1212.htm","Fodor's Santa Fe, Taos & Albuquerque, 2nd Edition"
"/media/Dados/bases/SWDE/restaurant/restaurant-fodors/0053.htm",Fodor's Arizona & the Grand Canyon 2010
"/media/Dados/bases/SWDE/restaurant/restaurant-fodors/0929.htm","Fodor's Virginia & Maryland, 10th Edition"
"/media/Dados/bases/SWDE/restaurant/restaurant-fodors/1198.htm","Fodor's New England, 29th Edition"
"/media/Dados/bases/SWDE/restaurant/restaurant-fodors/0303.htm",Fodor's Northern California 2010
"/media/Dados/bases/SWDE/restaurant/restaurant-fodors/1064.htm","Fodor's New England, 29th Edition"
"/media/Dados/bases/SWDE/restaurant/restaurant-fodors/0870.htm","Fodor's Maine Coast, 3rd Edition"
"/media/Dados/bases/SWDE/restaurant/restaurant-fodors/1841.htm","Fodor's Utah, 4th Edition"
"/media/Dados/bases/SWDE/restaurant/restaurant-fodors/1460.htm","Fodor's The Carolinas & Georgia, 18th Edition"
"/media/Dados/bases/SWDE/restaurant/restaurant-fodors/0631.htm","Fodor's The Carolinas & Georgia, 18th Edition"
"/media/Dados/bases/SWDE/restaurant/restaurant-fodors/1038.htm","Fodor's Cape Cod, Nantucket & Martha's Vineyard, 28th Edition"
"/media/Dados/bases/SWDE/restaurant/restaurant-fodors/1390.htm","Fodor's New York State, 2nd Edition"
"/media/Dados/bases/SWDE/restaurant/restaurant-fodors/0707.htm","Fodor's Oahu, 3rd Edition"
"/media/Dados/bases/SWDE/restaurant/restaurant-fodors/1727.htm","Fodor's Texas, 1st Edition"
"/media/Dados/bases/SWDE/restaurant/restaurant-fodors/1410.htm","Fodor's New York State, 2nd Edition"
"/media/Dados/bases/SWDE/restaurant/restaurant-fodors/0348.htm",Fodor's Northern California 2010
"/media/Dados/bases/SWDE/restaurant/restaurant-fodors/0301.htm",Fodor's Northern California 2010
"/media/Dados/bases/SWDE/restaurant/restaurant-fodors/1448.htm","Fodor's New York State, 2nd Edition"
"/media/Dados/bases/SWDE/restaurant/restaurant-fodors/0332.htm",Fodor's Northern California 2010
"/media/Dados/bases/SWDE/restaurant/restaurant-fodors/1559.htm","Fodor's Pacific Northwest, 17th Edition"
"/media/Dados/bases/SWDE/restaurant/restaurant-fodors/1420.htm","Fodor's New York State, 2nd Edition"
"/media/Dados/bases/SWDE/restaurant/restaurant-fodors/1561.htm","Fodor's Pacific Northwest, 17th Edition"
"/media/Dados/bases/SWDE/restaurant/restaurant-fodors/0087.htm",Fodor's Arizona & the Grand Canyon 2010
"/media/Dados/bases/SWDE/restaurant/restaurant-fodors/0267.htm",Fodor's Southern California 2010
"/media/Dados/bases/SWDE/restaurant/restaurant-fodors/1276.htm","Fodor's Santa Fe, Taos & Albuquerque, 2nd Edition"
"/media/Dados/bases/SWDE/restaurant/restaurant-fodors/0733.htm","Fodor's Oahu, 3rd Edition"
"/media/Dados/bases/SWDE/restaurant/restaurant-fodors/1730.htm","Fodor's Texas, 1st Edition"
"/media/Dados/bases/SWDE/restaurant/restaurant-fodors/0304.htm",Fodor's Northern California 2010
"/media/Dados/bases/SWDE/restaurant/restaurant-fodors/1451.htm","Fodor's New York State, 2nd Edition"
"/media/Dados/bases/SWDE/restaurant/restaurant-fodors/0319.htm",Fodor's Northern California 2010
"/media/Dados/bases/SWDE/restaurant/restaurant-fodors/0719.htm","Fodor's Oahu, 3rd Edition"
"/media/Dados/bases/SWDE/restaurant/restaurant-fodors/0280.htm",Fodor's Southern California 2010
"/media/Dados/bases/SWDE/restaurant/restaurant-fodors/1060.htm","Fodor's New England, 29th Edition"
"/media/Dados/bases/SWDE/restaurant/restaurant-fodors/0189.htm",Fodor's Southern California 2010
"/media/Dados/bases/SWDE/restaurant/restaurant-fodors/1564.htm","Fodor's Pacific Northwest, 17th Edition"
"/media/Dados/bases/SWDE/restaurant/restaurant-fodors/1270.htm","Fodor's New Mexico, 7th Edition"
"/media/Dados/bases/SWDE/restaurant/restaurant-fodors/1402.htm","Fodor's New York State, 2nd Edition"
"/media/Dados/bases/SWDE/restaurant/restaurant-fodors/1844.htm","Fodor's Utah, 4th Edition"
"/media/Dados/bases/SWDE/restaurant/restaurant-fodors/1339.htm","Fodor's New York City's 25 Best, 8th Edition"
"/media/Dados/bases/SWDE/restaurant/restaurant-fodors/1245.htm","Fodor's Santa Fe, Taos & Albuquerque, 2nd Edition"
"/media/Dados/bases/SWDE/restaurant/restaurant-fodors/1664.htm","Fodor's In Focus Charleston, 1st Edition"
"/media/Dados/bases/SWDE/restaurant/restaurant-fodors/1673.htm","Fodor's The Carolinas & Georgia, 18th Edition"
"/media/Dados/bases/SWDE/restaurant/restaurant-fodors/0878.htm","Fodor's Maine Coast, 3rd Edition"
"/media/Dados/bases/SWDE/restaurant/restaurant-fodors/0709.htm","Fodor's Oahu, 3rd Edition"
"/media/Dados/bases/SWDE/restaurant/restaurant-fodors/1622.htm","Fodor's Philadelphia & the Pennsylvania Dutch Country, 16th Edition"
"/media/Dados/bases/SWDE/restaurant/restaurant-fodors/0248.htm",Fodor's Southern California 2010
"/media/Dados/bases/SWDE/restaurant/restaurant-fodors/1933.htm","Fodor's Seattle's 25 Best, 4th Edition"
"/media/Dados/bases/SWDE/restaurant/restaurant-fodors/1837.htm","Fodor's Utah, 4th Edition"
"/media/Dados/bases/SWDE/restaurant/restaurant-fodors/1453.htm","Fodor's New York State, 2nd Edition"
"/media/Dados/bases/SWDE/restaurant/restaurant-fodors/1399.htm","Fodor's New York State, 2nd Edition"
"/media/Dados/bases/SWDE/restaurant/restaurant-fodors/1577.htm","Compass American Guides: Oregon Wine Country, 2nd Edition"
"/media/Dados/bases/SWDE/restaurant/restaurant-fodors/0258.htm",Fodor's Southern California 2010
"/media/Dados/bases/SWDE/restaurant/restaurant-fodors/0815.htm",Fodor's Chicago 2010
"/media/Dados/bases/SWDE/restaurant/restaurant-fodors/1806.htm","Fodor's Utah, 4th Edition"
"/media/Dados/bases/SWDE/restaurant/restaurant-fodors/1714.htm","Fodor's Texas, 1st Edition"
"/media/Dados/bases/SWDE/restaurant/restaurant-fodors/0712.htm","Fodor's Oahu, 3rd Edition"
"/media/Dados/bases/SWDE/restaurant/restaurant-fodors/0739.htm","Fodor's Kaua'i, 3rd Edition"
"/media/Dados/bases/SWDE/restaurant/restaurant-fodors/1674.htm","Fodor's The Carolinas & Georgia, 18th Edition"
"/media/Dados/bases/SWDE/restaurant/restaurant-fodors/1620.htm","Fodor's Philadelphia & the Pennsylvania Dutch Country, 16th Edition"
"/media/Dados/bases/SWDE/restaurant/restaurant-fodors/1301.htm","Fodor's New York State, 2nd Edition"
"/media/Dados/bases/SWDE/restaurant/restaurant-fodors/0113.htm",Fodor's Arizona & the Grand Canyon 2010
"/media/Dados/bases/SWDE/restaurant/restaurant-fodors/1357.htm","Fodor's New York City's 25 Best, 8th Edition"
"/media/Dados/bases/SWDE/restaurant/restaurant-fodors/0403.htm","Fodor's Colorado, 9th Edition"
"/media/Dados/bases/SWDE/restaurant/restaurant-fodors/1105.htm","Fodor's Montana & Wyoming, 4th Edition"
"/media/Dados/bases/SWDE/restaurant/restaurant-fodors/0469.htm","Fodor's Washington, D.C. 2010"
"/media/Dados/bases/SWDE/restaurant/restaurant-fodors/1109.htm","Fodor's Montana & Wyoming, 4th Edition"
"/media/Dados/bases/SWDE/restaurant/restaurant-fodors/1939.htm","Fodor's Pacific Northwest, 17th Edition"
"/media/Dados/bases/SWDE/restaurant/restaurant-fodors/0162.htm",Fodor's Southern California 2010
"/media/Dados/bases/SWDE/restaurant/restaurant-fodors/1458.htm","Fodor's The Carolinas & Georgia, 18th Edition"
"/media/Dados/bases/SWDE/restaurant/restaurant-fodors/1380.htm","Fodor's New York City's 25 Best, 8th Edition"
"/media/Dados/bases/SWDE/restaurant/restaurant-fodors/1745.htm","Fodor's Texas, 1st Edition"
"/media/Dados/bases/SWDE/restaurant/restaurant-fodors/1188.htm","Fodor's New England, 29th Edition"
"/media/Dados/bases/SWDE/restaurant/restaurant-fodors/1593.htm","Compass American Guides: Pennsylvania, 3rd Edition"
"/media/Dados/bases/SWDE/restaurant/restaurant-fodors/0718.htm","Fodor's Oahu, 3rd Edition"
"/media/Dados/bases/SWDE/restaurant/restaurant-fodors/1798.htm","Fodor's Texas, 1st Edition"
"/media/Dados/bases/SWDE/restaurant/restaurant-fodors/1932.htm","Fodor's Seattle's 25 Best, 4th Edition"
"/media/Dados/bases/SWDE/restaurant/restaurant-fodors/0149.htm",Fodor's Southern California 2010
"/media/Dados/bases/SWDE/restaurant/restaurant-fodors/1354.htm","Fodor's New York City's 25 Best, 8th Edition"
"/media/Dados/bases/SWDE/restaurant/restaurant-fodors/1018.htm","Fodor's Cape Cod, Nantucket & Martha's Vineyard, 28th Edition"
"/media/Dados/bases/SWDE/restaurant/restaurant-fodors/1509.htm","Fodor's Pacific Northwest, 17th Edition"
"/media/Dados/bases/SWDE/restaurant/restaurant-fodors/1954.htm","Fodor's Pacific Northwest, 17th Edition"
"/media/Dados/bases/SWDE/restaurant/restaurant-fodors/1144.htm",Fodor's Las Vegas 2010
"/media/Dados/bases/SWDE/restaurant/restaurant-fodors/1236.htm","Fodor's New Mexico, 7th Edition"
"/media/Dados/bases/SWDE/restaurant/restaurant-fodors/1022.htm","Fodor's Cape Cod, Nantucket & Martha's Vineyard, 28th Edition"
"/media/Dados/bases/SWDE/restaurant/restaurant-fodors/0231.htm",Fodor's Northern California 2010
"/media/Dados/bases/SWDE/restaurant/restaurant-fodors/1262.htm","Fodor's New Mexico, 7th Edition"
"/media/Dados/bases/SWDE/restaurant/restaurant-fodors/1878.htm","Fodor's Virginia & Maryland, 10th Edition"
"/media/Dados/bases/SWDE/restaurant/restaurant-fodors/0809.htm",Fodor's Chicago 2010
"/media/Dados/bases/SWDE/restaurant/restaurant-fodors/1302.htm","Fodor's New York State, 2nd Edition"
"/media/Dados/bases/SWDE/restaurant/restaurant-fodors/0933.htm","Fodor's Virginia & Maryland, 10th Edition"
"/media/Dados/bases/SWDE/restaurant/restaurant-fodors/0795.htm",Fodor's Chicago 2010
"/media/Dados/bases/SWDE/restaurant/restaurant-fodors/0886.htm","Fodor's Maine Coast, 3rd Edition"
"/media/Dados/bases/SWDE/restaurant/restaurant-fodors/1123.htm","Fodor's Montana & Wyoming, 4th Edition"
"/media/Dados/bases/SWDE/restaurant/restaurant-fodors/1430.htm","Fodor's New York State, 2nd Edition"
"/media/Dados/bases/SWDE/restaurant/restaurant-fodors/0031.htm",Fodor's Alaska 2010
"/media/Dados/bases/SWDE/restaurant/restaurant-fodors/0108.htm",Fodor's Arizona & the Grand Canyon 2010
"/media/Dados/bases/SWDE/restaurant/restaurant-fodors/1137.htm",Fodor's Las Vegas 2010
"/media/Dados/bases/SWDE/restaurant/restaurant-fodors/1427.htm","Fodor's New York State, 2nd Edition"
"/media/Dados/bases/SWDE/restaurant/restaurant-fodors/1480.htm","Fodor's The Carolinas & Georgia, 18th Edition"
"/media/Dados/bases/SWDE/restaurant/restaurant-fodors/0074.htm",Fodor's Arizona & the Grand Canyon 2010
"/media/Dados/bases/SWDE/restaurant/restaurant-fodors/1962.htm","Fodor's Pacific Northwest, 17th Edition"
"/media/Dados/bases/SWDE/restaurant/restaurant-fodors/1304.htm","Fodor's New York State, 2nd Edition"
"/media/Dados/bases/SWDE/restaurant/restaurant-fodors/0318.htm",Fodor's Northern California 2010
"/media/Dados/bases/SWDE/restaurant/restaurant-fodors/0272.htm",Fodor's Southern California 2010
"/media/Dados/bases/SWDE/restaurant/restaurant-fodors/0455.htm","Fodor's Washington, D.C. 2010"
"/media/Dados/bases/SWDE/restaurant/restaurant-fodors/1039.htm","Fodor's Cape Cod, Nantucket & Martha's Vineyard, 28th Edition"
"/media/Dados/bases/SWDE/restaurant/restaurant-fodors/1735.htm","Fodor's Texas, 1st Edition"
"/media/Dados/bases/SWDE/restaurant/restaurant-fodors/1314.htm","Fodor's New York State, 2nd Edition"
"/media/Dados/bases/SWDE/restaurant/restaurant-fodors/0263.htm",Fodor's Southern California 2010
"/media/Dados/bases/SWDE/restaurant/restaurant-fodors/1517.htm","Fodor's Pacific Northwest, 17th Edition"
"/media/Dados/bases/SWDE/restaurant/restaurant-fodors/1478.htm","Fodor's The Carolinas & Georgia, 18th Edition"
"/media/Dados/bases/SWDE/restaurant/restaurant-fodors/0207.htm",Fodor's Southern California 2010
"/media/Dados/bases/SWDE/restaurant/restaurant-fodors/1461.htm","Fodor's The Carolinas & Georgia, 18th Edition"
"/media/Dados/bases/SWDE/restaurant/restaurant-fodors/1330.htm","Fodor's New York City's 25 Best, 8th Edition"
"/media/Dados/bases/SWDE/restaurant/restaurant-fodors/0034.htm",Fodor's Alaska 2010
"/media/Dados/bases/SWDE/restaurant/restaurant-fodors/0964.htm",Fodor's Boston 2011
"/media/Dados/bases/SWDE/restaurant/restaurant-fodors/1482.htm","Fodor's The Carolinas & Georgia, 18th Edition"
"/media/Dados/bases/SWDE/restaurant/restaurant-fodors/0814.htm",Fodor's Chicago 2010
"/media/Dados/bases/SWDE/restaurant/restaurant-fodors/0221.htm",Fodor's Southern California 2010
"/media/Dados/bases/SWDE/restaurant/restaurant-fodors/1342.htm","Fodor's New York City's 25 Best, 8th Edition"
"/media/Dados/bases/SWDE/restaurant/restaurant-fodors/0463.htm","Fodor's Washington, D.C. 2010"
"/media/Dados/bases/SWDE/restaurant/restaurant-fodors/0146.htm",Fodor's Southern California 2010
"/media/Dados/bases/SWDE/restaurant/restaurant-fodors/1916.htm","Fodor's Seattle's 25 Best, 4th Edition"
"/media/Dados/bases/SWDE/restaurant/restaurant-fodors/1566.htm","Fodor's Pacific Northwest, 17th Edition"
"/media/Dados/bases/SWDE/restaurant/restaurant-fodors/1685.htm","Compass American Guides: South Dakota, 3rd Edition"
"/media/Dados/bases/SWDE/restaurant/restaurant-fodors/0283.htm",Fodor's Southern California 2010
"/media/Dados/bases/SWDE/restaurant/restaurant-fodors/0216.htm",Fodor's Southern California 2010
"/media/Dados/bases/SWDE/restaurant/restaurant-fodors/0297.htm",Fodor's Northern California 2010
"/media/Dados/bases/SWDE/restaurant/restaurant-fodors/0898.htm","Fodor's Maine Coast, 3rd Edition"
"/media/Dados/bases/SWDE/restaurant/restaurant-fodors/0985.htm",Fodor's Boston 2011
"/media/Dados/bases/SWDE/restaurant/restaurant-fodors/1139.htm",Fodor's Las Vegas 2010
"/media/Dados/bases/SWDE/restaurant/restaurant-fodors/0352.htm",Fodor's Northern California 2010
"/media/Dados/bases/SWDE/restaurant/restaurant-fodors/0342.htm",Fodor's Southern California 2010
"/media/Dados/bases/SWDE/restaurant/restaurant-fodors/0152.htm",Fodor's Southern California 2010
"/media/Dados/bases/SWDE/restaurant/restaurant-fodors/1323.htm","Fodor's New York City's 25 Best, 8th Edition"
"/media/Dados/bases/SWDE/restaurant/restaurant-fodors/0098.htm",Fodor's Arizona & the Grand Canyon 2010
"/media/Dados/bases/SWDE/restaurant/restaurant-fodors/0465.htm","Fodor's Washington, D.C. 2010"
"/media/Dados/bases/SWDE/restaurant/restaurant-fodors/0325.htm",Fodor's Northern California 2010
"/media/Dados/bases/SWDE/restaurant/restaurant-fodors/1363.htm","Fodor's New York City's 25 Best, 8th Edition"
"/media/Dados/bases/SWDE/restaurant/restaurant-fodors/1029.htm","Fodor's Cape Cod, Nantucket & Martha's Vineyard, 28th Edition"
"/media/Dados/bases/SWDE/restaurant/restaurant-fodors/0261.htm",Fodor's Southern California 2010
"/media/Dados/bases/SWDE/restaurant/restaurant-fodors/0639.htm","Fodor's The Carolinas & Georgia, 18th Edition"
"/media/Dados/bases/SWDE/restaurant/restaurant-fodors/0799.htm",Fodor's Chicago 2010
"/media/Dados/bases/SWDE/restaurant/restaurant-fodors/0864.htm","Fodor's Maine Coast, 3rd Edition"
"/media/Dados/bases/SWDE/restaurant/restaurant-fodors/1378.htm","Fodor's New York City's 25 Best, 8th Edition"
"/media/Dados/bases/SWDE/restaurant/restaurant-fodors/0422.htm","Fodor's Colorado, 9th Edition"
"/media/Dados/bases/SWDE/restaurant/restaurant-fodors/0477.htm","Fodor's Washington, D.C. 2010"
"/media/Dados/bases/SWDE/restaurant/restaurant-fodors/1031.htm","Fodor's Cape Cod, Nantucket & Martha's Vineyard, 28th Edition"
"/media/Dados/bases/SWDE/restaurant/restaurant-fodors/1186.htm","Fodor's New England, 29th Edition"
"/media/Dados/bases/SWDE/restaurant/restaurant-fodors/1432.htm","Fodor's New York State, 2nd Edition"
"/media/Dados/bases/SWDE/restaurant/restaurant-fodors/0070.htm",Fodor's Arizona & the Grand Canyon 2010
"/media/Dados/bases/SWDE/restaurant/restaurant-fodors/1125.htm","Fodor's Montana & Wyoming, 4th Edition"
"/media/Dados/bases/SWDE/restaurant/restaurant-fodors/0701.htm","Fodor's Oahu, 3rd Edition"
"/media/Dados/bases/SWDE/restaurant/restaurant-fodors/1982.htm","Compass American Guides: Wyoming, 5th Edition"
"/media/Dados/bases/SWDE/restaurant/restaurant-fodors/0142.htm",Fodor's Southern California 2010
"/media/Dados/bases/SWDE/restaurant/restaurant-fodors/0423.htm","Fodor's Colorado, 9th Edition"
"/media/Dados/bases/SWDE/restaurant/restaurant-fodors/0172.htm",Fodor's Southern California 2010
"/media/Dados/bases/SWDE/restaurant/restaurant-fodors/1026.htm","Fodor's Cape Cod, Nantucket & Martha's Vineyard, 28th Edition"
"/media/Dados/bases/SWDE/restaurant/restaurant-fodors/0218.htm",Fodor's Southern California 2010
"/media/Dados/bases/SWDE/restaurant/restaurant-fodors/0116.htm",Fodor's Northern California 2010
"/media/Dados/bases/SWDE/restaurant/restaurant-fodors/0899.htm","Fodor's Maine Coast, 3rd Edition"
"/media/Dados/bases/SWDE/restaurant/restaurant-fodors/1993.htm","Compass American Guides: Wyoming, 5th Edition"
"/media/Dados/bases/SWDE/restaurant/restaurant-fodors/1234.htm","Fodor's New Mexico, 7th Edition"
"/media/Dados/bases/SWDE/restaurant/restaurant-fodors/1511.htm","Fodor's Pacific Northwest, 17th Edition"
"/media/Dados/bases/SWDE/restaurant/restaurant-fodors/1437.htm","Fodor's New York State, 2nd Edition"
"/media/Dados/bases/SWDE/restaurant/restaurant-fodors/1644.htm","Fodor's New England, 29th Edition"
"/media/Dados/bases/SWDE/restaurant/restaurant-fodors/0163.htm",Fodor's Southern California 2010
"/media/Dados/bases/SWDE/restaurant/restaurant-fodors/0312.htm",Fodor's Northern California 2010
"/media/Dados/bases/SWDE/restaurant/restaurant-fodors/0255.htm",Fodor's Southern California 2010
"/media/Dados/bases/SWDE/restaurant/restaurant-fodors/0025.htm",Fodor's Alaska 2010
"/media/Dados/bases/SWDE/restaurant/restaurant-fodors/1860.htm","Fodor's New England, 29th Edition"
"/media/Dados/bases/SWDE/restaurant/restaurant-fodors/1214.htm","Fodor's Santa Fe, Taos & Albuquerque, 2nd Edition"
"/media/Dados/bases/SWDE/restaurant/restaurant-fodors/0890.htm","Fodor's Maine Coast, 3rd Edition"
"/media/Dados/bases/SWDE/restaurant/restaurant-fodors/0715.htm","Fodor's Oahu, 3rd Edition"
"/media/Dados/bases/SWDE/restaurant/restaurant-fodors/0982.htm",Fodor's Boston 2011
"/media/Dados/bases/SWDE/restaurant/restaurant-fodors/1659.htm","Fodor's In Focus Charleston, 1st Edition"
"/media/Dados/bases/SWDE/restaurant/restaurant-fodors/1643.htm","Fodor's New England, 29th Edition"
"/media/Dados/bases/SWDE/restaurant/restaurant-fodors/1279.htm","Fodor's New York State, 2nd Edition"
"/media/Dados/bases/SWDE/restaurant/restaurant-fodors/0317.htm",Fodor's Northern California 2010
"/media/Dados/bases/SWDE/restaurant/restaurant-fodors/0927.htm","Fodor's Virginia & Maryland, 10th Edition"
"/media/Dados/bases/SWDE/restaurant/restaurant-fodors/1232.htm","Fodor's New Mexico, 7th Edition"
"/media/Dados/bases/SWDE/restaurant/restaurant-fodors/0313.htm",Fodor's Northern California 2010
"/media/Dados/bases/SWDE/restaurant/restaurant-fodors/1935.htm","Fodor's Seattle's 25 Best, 4th Edition"
"/media/Dados/bases/SWDE/restaurant/restaurant-fodors/0489.htm","Fodor's Washington, D.C. 2010"
"/media/Dados/bases/SWDE/restaurant/restaurant-fodors/0629.htm","Fodor's The Carolinas & Georgia, 18th Edition"
"/media/Dados/bases/SWDE/restaurant/restaurant-fodors/1895.htm","Fodor's Pacific Northwest, 17th Edition"
"/media/Dados/bases/SWDE/restaurant/restaurant-fodors/0111.htm",Fodor's Arizona & the Grand Canyon 2010
"/media/Dados/bases/SWDE/restaurant/restaurant-fodors/0877.htm","Fodor's Maine Coast, 3rd Edition"
"/media/Dados/bases/SWDE/restaurant/restaurant-fodors/0475.htm","Fodor's Washington, D.C. 2010"
"/media/Dados/bases/SWDE/restaurant/restaurant-fodors/1997.htm","Compass American Guides: Wyoming, 5th Edition"
"/media/Dados/bases/SWDE/restaurant/restaurant-fodors/1888.htm","Fodor's Pacific Northwest, 17th Edition"
"/media/Dados/bases/SWDE/restaurant/restaurant-fodors/0259.htm",Fodor's Southern California 2010
"/media/Dados/bases/SWDE/restaurant/restaurant-fodors/0635.htm","Fodor's The Carolinas & Georgia, 18th Edition"
"/media/Dados/bases/SWDE/restaurant/restaurant-fodors/0081.htm",Fodor's Arizona & the Grand Canyon 2010
"/media/Dados/bases/SWDE/restaurant/restaurant-fodors/0644.htm","Fodor's The Carolinas & Georgia, 18th Edition"
"/media/Dados/bases/SWDE/restaurant/restaurant-fodors/0816.htm",Fodor's Chicago 2010
"/media/Dados/bases/SWDE/restaurant/restaurant-fodors/1831.htm","Fodor's Utah, 4th Edition"
"/media/Dados/bases/SWDE/restaurant/restaurant-fodors/1788.htm","Fodor's Texas, 1st Edition"
"/media/Dados/bases/SWDE/restaurant/restaurant-fodors/0474.htm","Fodor's Washington, D.C. 2010"
"/media/Dados/bases/SWDE/restaurant/restaurant-fodors/0085.htm",Fodor's Arizona & the Grand Canyon 2010
"/media/Dados/bases/SWDE/restaurant/restaurant-fodors/1220.htm","Fodor's Santa Fe, Taos & Albuquerque, 2nd Edition"
"/media/Dados/bases/SWDE/restaurant/restaurant-fodors/0630.htm","Fodor's The Carolinas & Georgia, 18th Edition"
"/media/Dados/bases/SWDE/restaurant/restaurant-fodors/0942.htm","Fodor's Virginia & Maryland, 10th Edition"
"/media/Dados/bases/SWDE/restaurant/restaurant-fodors/1291.htm","Fodor's New York State, 2nd Edition"
"/media/Dados/bases/SWDE/restaurant/restaurant-fodors/1672.htm","Fodor's The Carolinas & Georgia, 18th Edition"
"/media/Dados/bases/SWDE/restaurant/restaurant-fodors/0244.htm",Fodor's Southern California 2010
"/media/Dados/bases/SWDE/restaurant/restaurant-fodors/1413.htm","Fodor's New York State, 2nd Edition"
"/media/Dados/bases/SWDE/restaurant/restaurant-fodors/0963.htm",Fodor's Boston 2011
"/media/Dados/bases/SWDE/restaurant/restaurant-fodors/1328.htm","Fodor's New York City's 25 Best, 8th Edition"
"/media/Dados/bases/SWDE/restaurant/restaurant-fodors/1443.htm","Fodor's New York State, 2nd Edition"
"/media/Dados/bases/SWDE/restaurant/restaurant-fodors/0066.htm",Fodor's Arizona & the Grand Canyon 2010
"/media/Dados/bases/SWDE/restaurant/restaurant-fodors/1463.htm","Fodor's The Carolinas & Georgia, 18th Edition"
"/media/Dados/bases/SWDE/restaurant/restaurant-fodors/1409.htm","Fodor's New York State, 2nd Edition"
"/media/Dados/bases/SWDE/restaurant/restaurant-fodors/0307.htm",Fodor's Northern California 2010
"/media/Dados/bases/SWDE/restaurant/restaurant-fodors/0012.htm",Fodor's Alaska 2010
"/media/Dados/bases/SWDE/restaurant/restaurant-fodors/1002.htm","Fodor's Cape Cod, Nantucket & Martha's Vineyard, 28th Edition"
"/media/Dados/bases/SWDE/restaurant/restaurant-fodors/0722.htm","Fodor's Oahu, 3rd Edition"
"/media/Dados/bases/SWDE/restaurant/restaurant-fodors/0459.htm","Fodor's Washington, D.C. 2010"
"/media/Dados/bases/SWDE/restaurant/restaurant-fodors/0774.htm",Fodor's Chicago 2010
"/media/Dados/bases/SWDE/restaurant/restaurant-fodors/0984.htm",Fodor's Boston 2011
"/media/Dados/bases/SWDE/restaurant/restaurant-fodors/0209.htm",Fodor's Southern California 2010
"/media/Dados/bases/SWDE/restaurant/restaurant-fodors/0958.htm","Fodor's Virginia & Maryland, 10th Edition"
"/media/Dados/bases/SWDE/restaurant/restaurant-fodors/1874.htm","Fodor's Virginia & Maryland, 10th Edition"
"/media/Dados/bases/SWDE/restaurant/restaurant-fodors/0665.htm","Fodor's The Carolinas & Georgia, 18th Edition"
"/media/Dados/bases/SWDE/restaurant/restaurant-fodors/1149.htm",Fodor's Las Vegas 2010
"/media/Dados/bases/SWDE/restaurant/restaurant-fodors/0931.htm","Fodor's Virginia & Maryland, 10th Edition"
"/media/Dados/bases/SWDE/restaurant/restaurant-fodors/1285.htm","Fodor's New York State, 2nd Edition"
"/media/Dados/bases/SWDE/restaurant/restaurant-fodors/1023.htm","Fodor's Cape Cod, Nantucket & Martha's Vineyard, 28th Edition"
"/media/Dados/bases/SWDE/restaurant/restaurant-fodors/1584.htm","Compass American Guides: Pennsylvania, 3rd Edition"
"/media/Dados/bases/SWDE/restaurant/restaurant-fodors/0223.htm",Fodor's Southern California 2010
"/media/Dados/bases/SWDE/restaurant/restaurant-fodors/1807.htm","Fodor's Utah, 4th Edition"
"/media/Dados/bases/SWDE/restaurant/restaurant-fodors/1326.htm","Fodor's New York City's 25 Best, 8th Edition"
"/media/Dados/bases/SWDE/restaurant/restaurant-fodors/0268.htm",Fodor's Southern California 2010
"/media/Dados/bases/SWDE/restaurant/restaurant-fodors/0052.htm",Fodor's Arizona & the Grand Canyon 2010
"/media/Dados/bases/SWDE/restaurant/restaurant-fodors/0735.htm","Fodor's Kaua'i, 3rd Edition"
"/media/Dados/bases/SWDE/restaurant/restaurant-fodors/0802.htm",Fodor's Chicago 2010
"/media/Dados/bases/SWDE/restaurant/restaurant-fodors/1241.htm","Fodor's Santa Fe, Taos & Albuquerque, 2nd Edition"
"/media/Dados/bases/SWDE/restaurant/restaurant-fodors/0794.htm",Fodor's Chicago 2010
"/media/Dados/bases/SWDE/restaurant/restaurant-fodors/0883.htm","Fodor's Maine Coast, 3rd Edition"
"/media/Dados/bases/SWDE/restaurant/restaurant-fodors/1415.htm","Fodor's New York State, 2nd Edition"
"/media/Dados/bases/SWDE/restaurant/restaurant-fodors/0037.htm",Fodor's Alaska 2010
"/media/Dados/bases/SWDE/restaurant/restaurant-fodors/1677.htm","Fodor's The Carolinas & Georgia, 18th Edition"
"/media/Dados/bases/SWDE/restaurant/restaurant-fodors/1132.htm",Fodor's Las Vegas 2010
"/media/Dados/bases/SWDE/restaurant/restaurant-fodors/1800.htm","Fodor's Texas, 1st Edition"
"/media/Dados/bases/SWDE/restaurant/restaurant-fodors/1394.htm","Fodor's New York State, 2nd Edition"
"/media/Dados/bases/SWDE/restaurant/restaurant-fodors/1928.htm","Fodor's Seattle's 25 Best, 4th Edition"
"/media/Dados/bases/SWDE/restaurant/restaurant-fodors/1030.htm","Fodor's Cape Cod, Nantucket & Martha's Vineyard, 28th Edition"
"/media/Dados/bases/SWDE/restaurant/restaurant-fodors/0775.htm",Fodor's Chicago 2010
"/media/Dados/bases/SWDE/restaurant/restaurant-fodors/0784.htm",Fodor's Chicago 2010
"/media/Dados/bases/SWDE/restaurant/restaurant-fodors/1990.htm","Compass American Guides: Wyoming, 5th Edition"
"/media/Dados/bases/SWDE/restaurant/restaurant-fodors/1151.htm",Fodor's Las Vegas 2010
"/media/Dados/bases/SWDE/restaurant/restaurant-fodors/0183.htm",Fodor's Southern California 2010
"/media/Dados/bases/SWDE/restaurant/restaurant-fodors/0063.htm",Fodor's Arizona & the Grand Canyon 2010
"/media/Dados/bases/SWDE/restaurant/restaurant-fodors/0188.htm",Fodor's Southern California 2010
"/media/Dados/bases/SWDE/restaurant/restaurant-fodors/0056.htm",Fodor's Arizona & the Grand Canyon 2010
"/media/Dados/bases/SWDE/restaurant/restaurant-fodors/0909.htm","Fodor's Maine Coast, 3rd Edition"
"/media/Dados/bases/SWDE/restaurant/restaurant-fodors/1654.htm","Fodor's New England, 29th Edition"
"/media/Dados/bases/SWDE/restaurant/restaurant-fodors/0486.htm","Fodor's Washington, D.C. 2010"
"/media/Dados/bases/SWDE/restaurant/restaurant-fodors/1817.htm","Fodor's Utah, 4th Edition"
"/media/Dados/bases/SWDE/restaurant/restaurant-fodors/0300.htm",Fodor's Northern California 2010
"/media/Dados/bases/SWDE/restaurant/restaurant-fodors/1260.htm","Fodor's New Mexico, 7th Edition"
"/media/Dados/bases/SWDE/restaurant/restaurant-fodors/0347.htm",Fodor's Northern California 2010
"/media/Dados/bases/SWDE/restaurant/restaurant-fodors/1089.htm","Fodor's Montana & Wyoming, 4th Edition"
"/media/Dados/bases/SWDE/restaurant/restaurant-fodors/1816.htm","Fodor's Utah, 4th Edition"
"/media/Dados/bases/SWDE/restaurant/restaurant-fodors/1163.htm",Fodor's Las Vegas 2010
"/media/Dados/bases/SWDE/restaurant/restaurant-fodors/1350.htm","Fodor's New York City's 25 Best, 8th Edition"
"/media/Dados/bases/SWDE/restaurant/restaurant-fodors/1890.htm","Fodor's Pacific Northwest, 17th Edition"
"/media/Dados/bases/SWDE/restaurant/restaurant-fodors/0210.htm",Fodor's Southern California 2010
"/media/Dados/bases/SWDE/restaurant/restaurant-fodors/1984.htm","Compass American Guides: Wyoming, 5th Edition"
"/media/Dados/bases/SWDE/restaurant/restaurant-fodors/1949.htm","Fodor's Pacific Northwest, 17th Edition"
"/media/Dados/bases/SWDE/restaurant/restaurant-fodors/1299.htm","Fodor's New York State, 2nd Edition"
"/media/Dados/bases/SWDE/restaurant/restaurant-fodors/1994.htm","Compass American Guides: Wyoming, 5th Edition"
"/media/Dados/bases/SWDE/restaurant/restaurant-fodors/0115.htm",Fodor's Arizona & the Grand Canyon 2010
"/media/Dados/bases/SWDE/restaurant/restaurant-fodors/0141.htm",Fodor's Southern California 2010
"/media/Dados/bases/SWDE/restaurant/restaurant-fodors/1032.htm","Fodor's Cape Cod, Nantucket & Martha's Vineyard, 28th Edition"
"/media/Dados/bases/SWDE/restaurant/restaurant-fodors/0779.htm",Fodor's Chicago 2010
"/media/Dados/bases/SWDE/restaurant/restaurant-fodors/1449.htm","Fodor's New York State, 2nd Edition"
"/media/Dados/bases/SWDE/restaurant/restaurant-fodors/0097.htm",Fodor's Arizona & the Grand Canyon 2010
"/media/Dados/bases/SWDE/restaurant/restaurant-fodors/1191.htm","Fodor's New England, 29th Edition"
"/media/Dados/bases/SWDE/restaurant/restaurant-fodors/0227.htm",Fodor's Northern California 2010
"/media/Dados/bases/SWDE/restaurant/restaurant-fodors/1853.htm","Fodor's New England, 29th Edition"
"/media/Dados/bases/SWDE/restaurant/restaurant-fodors/0148.htm",Fodor's Southern California 2010
"/media/Dados/bases/SWDE/restaurant/restaurant-fodors/0174.htm",Fodor's Southern California 2010
"/media/Dados/bases/SWDE/restaurant/restaurant-fodors/1407.htm","Fodor's New York State, 2nd Edition"
"/media/Dados/bases/SWDE/restaurant/restaurant-fodors/1947.htm","Fodor's Pacific Northwest, 17th Edition"
"/media/Dados/bases/SWDE/restaurant/restaurant-fodors/1924.htm","Fodor's Seattle's 25 Best, 4th Edition"
"/media/Dados/bases/SWDE/restaurant/restaurant-fodors/0100.htm",Fodor's Arizona & the Grand Canyon 2010
"/media/Dados/bases/SWDE/restaurant/restaurant-fodors/0333.htm",Fodor's Northern California 2010
"/media/Dados/bases/SWDE/restaurant/restaurant-fodors/0901.htm","Fodor's Maine Coast, 3rd Edition"
"/media/Dados/bases/SWDE/restaurant/restaurant-fodors/0308.htm",Fodor's Northern California 2010
"/media/Dados/bases/SWDE/restaurant/restaurant-fodors/1255.htm","Fodor's Santa Fe, Taos & Albuquerque, 2nd Edition"
"/media/Dados/bases/SWDE/restaurant/restaurant-fodors/0481.htm","Fodor's Washington, D.C. 2010"
"/media/Dados/bases/SWDE/restaurant/restaurant-fodors/0911.htm","Fodor's Maine Coast, 3rd Edition"
"/media/Dados/bases/SWDE/restaurant/restaurant-fodors/1028.htm","Fodor's Cape Cod, Nantucket & Martha's Vineyard, 28th Edition"
"/media/Dados/bases/SWDE/restaurant/restaurant-fodors/0893.htm","Fodor's Maine Coast, 3rd Edition"
"/media/Dados/bases/SWDE/restaurant/restaurant-fodors/1961.htm","Fodor's Pacific Northwest, 17th Edition"
"/media/Dados/bases/SWDE/restaurant/restaurant-fodors/1899.htm","Fodor's Pacific Northwest, 17th Edition"
"/media/Dados/bases/SWDE/restaurant/restaurant-fodors/0922.htm","Fodor's Virginia & Maryland, 10th Edition"
"/media/Dados/bases/SWDE/restaurant/restaurant-fodors/0030.htm",Fodor's Alaska 2010
"/media/Dados/bases/SWDE/restaurant/restaurant-fodors/1893.htm","Fodor's Pacific Northwest, 17th Edition"
"/media/Dados/bases/SWDE/restaurant/restaurant-fodors/1777.htm","Fodor's Texas, 1st Edition"
"/media/Dados/bases/SWDE/restaurant/restaurant-fodors/1411.htm","Fodor's New York State, 2nd Edition"
"/media/Dados/bases/SWDE/restaurant/restaurant-fodors/0130.htm",Fodor's Northern California 2010
"/media/Dados/bases/SWDE/restaurant/restaurant-fodors/1612.htm","Fodor's Philadelphia & the Pennsylvania Dutch Country, 16th Edition"
"/media/Dados/bases/SWDE/restaurant/restaurant-fodors/1665.htm","Fodor's In Focus Charleston, 1st Edition"
"/media/Dados/bases/SWDE/restaurant/restaurant-fodors/0447.htm","Fodor's New England, 29th Edition"
"/media/Dados/bases/SWDE/restaurant/restaurant-fodors/0924.htm","Fodor's Virginia & Maryland, 10th Edition"
"/media/Dados/bases/SWDE/restaurant/restaurant-fodors/0292.htm",Fodor's Northern California 2010
"/media/Dados/bases/SWDE/restaurant/restaurant-fodors/0242.htm",Fodor's Southern California 2010
"/media/Dados/bases/SWDE/restaurant/restaurant-fodors/1095.htm","Fodor's Montana & Wyoming, 4th Edition"
"/media/Dados/bases/SWDE/restaurant/restaurant-fodors/1840.htm","Fodor's Utah, 4th Edition"
"/media/Dados/bases/SWDE/restaurant/restaurant-fodors/0818.htm",Fodor's Chicago 2010
"/media/Dados/bases/SWDE/restaurant/restaurant-fodors/0943.htm","Fodor's Virginia & Maryland, 10th Edition"
"/media/Dados/bases/SWDE/restaurant/restaurant-fodors/1016.htm","Fodor's Cape Cod, Nantucket & Martha's Vineyard, 28th Edition"
"/media/Dados/bases/SWDE/restaurant/restaurant-fodors/1312.htm","Fodor's New York State, 2nd Edition"
"/media/Dados/bases/SWDE/restaurant/restaurant-fodors/0287.htm",Fodor's Northern California 2010
"/media/Dados/bases/SWDE/restaurant/restaurant-fodors/0410.htm","Fodor's Colorado, 9th Edition"
"/media/Dados/bases/SWDE/restaurant/restaurant-fodors/0363.htm",Fodor's Northern California 2010
"/media/Dados/bases/SWDE/restaurant/restaurant-fodors/0331.htm",Fodor's Northern California 2010
"/media/Dados/bases/SWDE/restaurant/restaurant-fodors/1848.htm","Fodor's New England, 29th Edition"
"/media/Dados/bases/SWDE/restaurant/restaurant-fodors/0105.htm",Fodor's Arizona & the Grand Canyon 2010
"/media/Dados/bases/SWDE/restaurant/restaurant-fodors/1272.htm","Fodor's New Mexico, 7th Edition"
"/media/Dados/bases/SWDE/restaurant/restaurant-fodors/1466.htm","Fodor's The Carolinas & Georgia, 18th Edition"
"/media/Dados/bases/SWDE/restaurant/restaurant-fodors/1293.htm","Fodor's New York State, 2nd Edition"
"/media/Dados/bases/SWDE/restaurant/restaurant-fodors/1734.htm","Fodor's Texas, 1st Edition"
"/media/Dados/bases/SWDE/restaurant/restaurant-fodors/0135.htm",Fodor's Northern California 2010
"/media/Dados/bases/SWDE/restaurant/restaurant-fodors/1318.htm","Fodor's New York State, 2nd Edition"
"/media/Dados/bases/SWDE/restaurant/restaurant-fodors/1619.htm","Fodor's Philadelphia & the Pennsylvania Dutch Country, 16th Edition"
"/media/Dados/bases/SWDE/restaurant/restaurant-fodors/0339.htm",Fodor's Southern California 2010
"/media/Dados/bases/SWDE/restaurant/restaurant-fodors/1093.htm","Fodor's Montana & Wyoming, 4th Edition"
"/media/Dados/bases/SWDE/restaurant/restaurant-fodors/1222.htm","Fodor's Santa Fe, Taos & Albuquerque, 2nd Edition"
"/media/Dados/bases/SWDE/restaurant/restaurant-fodors/1843.htm","Fodor's Utah, 4th Edition"
"/media/Dados/bases/SWDE/restaurant/restaurant-fodors/0704.htm","Fodor's Oahu, 3rd Edition"
"/media/Dados/bases/SWDE/restaurant/restaurant-fodors/1606.htm","Fodor's Philadelphia & the Pennsylvania Dutch Country, 16th Edition"
"/media/Dados/bases/SWDE/restaurant/restaurant-fodors/1464.htm","Fodor's The Carolinas & Georgia, 18th Edition"
"/media/Dados/bases/SWDE/restaurant/restaurant-fodors/0443.htm","Fodor's New England, 29th Edition"
"/media/Dados/bases/SWDE/restaurant/restaurant-fodors/0104.htm",Fodor's Arizona & the Grand Canyon 2010
"/media/Dados/bases/SWDE/restaurant/restaurant-fodors/0804.htm",Fodor's Chicago 2010
"/media/Dados/bases/SWDE/restaurant/restaurant-fodors/0717.htm","Fodor's Oahu, 3rd Edition"
"/media/Dados/bases/SWDE/restaurant/restaurant-fodors/0863.htm","Fodor's Maine Coast, 3rd Edition"
"/media/Dados/bases/SWDE/restaurant/restaurant-fodors/0133.htm",Fodor's Northern California 2010
"/media/Dados/bases/SWDE/restaurant/restaurant-fodors/1978.htm","Compass American Guides: Wyoming, 5th Edition"
"/media/Dados/bases/SWDE/restaurant/restaurant-fodors/1515.htm","Fodor's Pacific Northwest, 17th Edition"
"/media/Dados/bases/SWDE/restaurant/restaurant-fodors/1263.htm","Fodor's New Mexico, 7th Edition"
"/media/Dados/bases/SWDE/restaurant/restaurant-fodors/1146.htm",Fodor's Las Vegas 2010
"/media/Dados/bases/SWDE/restaurant/restaurant-fodors/0234.htm",Fodor's Southern California 2010
"/media/Dados/bases/SWDE/restaurant/restaurant-fodors/1419.htm","Fodor's New York State, 2nd Edition"
"/media/Dados/bases/SWDE/restaurant/restaurant-fodors/0969.htm",Fodor's Boston 2011
"/media/Dados/bases/SWDE/restaurant/restaurant-fodors/0948.htm","Fodor's Virginia & Maryland, 10th Edition"
"/media/Dados/bases/SWDE/restaurant/restaurant-fodors/0956.htm","Fodor's Virginia & Maryland, 10th Edition"
"/media/Dados/bases/SWDE/restaurant/restaurant-fodors/1902.htm","Fodor's Seattle's 25 Best, 4th Edition"
"/media/Dados/bases/SWDE/restaurant/restaurant-fodors/1602.htm","Fodor's Philadelphia & the Pennsylvania Dutch Country, 16th Edition"
"/media/Dados/bases/SWDE/restaurant/restaurant-fodors/1142.htm",Fodor's Las Vegas 2010
"/media/Dados/bases/SWDE/restaurant/restaurant-fodors/0456.htm","Fodor's Washington, D.C. 2010"
"/media/Dados/bases/SWDE/restaurant/restaurant-fodors/1646.htm","Fodor's New England, 29th Edition"
"/media/Dados/bases/SWDE/restaurant/restaurant-fodors/1094.htm","Fodor's Montana & Wyoming, 4th Edition"
"/media/Dados/bases/SWDE/restaurant/restaurant-fodors/1655.htm","Fodor's New England, 29th Edition"
"/media/Dados/bases/SWDE/restaurant/restaurant-fodors/1743.htm","Fodor's Texas, 1st Edition"
"/media/Dados/bases/SWDE/restaurant/restaurant-fodors/1877.htm","Fodor's Virginia & Maryland, 10th Edition"
"/media/Dados/bases/SWDE/restaurant/restaurant-fodors/0967.htm",Fodor's Boston 2011
"/media/Dados/bases/SWDE/restaurant/restaurant-fodors/1061.htm","Fodor's New England, 29th Edition"
"/media/Dados/bases/SWDE/restaurant/restaurant-fodors/0974.htm",Fodor's Boston 2011
"/media/Dados/bases/SWDE/restaurant/restaurant-fodors/1661.htm","Fodor's In Focus Charleston, 1st Edition"
"/media/Dados/bases/SWDE/restaurant/restaurant-fodors/1775.htm","Fodor's Texas, 1st Edition"
"/media/Dados/bases/SWDE/restaurant/restaurant-fodors/0321.htm",Fodor's Northern California 2010
"/media/Dados/bases/SWDE/restaurant/restaurant-fodors/1254.htm","Fodor's Santa Fe, Taos & Albuquerque, 2nd Edition"
"/media/Dados/bases/SWDE/restaurant/restaurant-fodors/0024.htm","Compass American Guides: Alaska's Inside Passage, 2nd Edition"
"/media/Dados/bases/SWDE/restaurant/restaurant-fodors/1104.htm","Fodor's Montana & Wyoming, 4th Edition"
"/media/Dados/bases/SWDE/restaurant/restaurant-fodors/0666.htm","Fodor's The Carolinas & Georgia, 18th Edition"
"/media/Dados/bases/SWDE/restaurant/restaurant-fodors/0972.htm",Fodor's Boston 2011
"/media/Dados/bases/SWDE/restaurant/restaurant-fodors/1784.htm","Fodor's Texas, 1st Edition"
"/media/Dados/bases/SWDE/restaurant/restaurant-fodors/1182.htm","Fodor's New England, 29th Edition"
"/media/Dados/bases/SWDE/restaurant/restaurant-fodors/1567.htm","Fodor's Pacific Northwest, 17th Edition"
"/media/Dados/bases/SWDE/restaurant/restaurant-fodors/0023.htm","Compass American Guides: Alaska's Inside Passage, 2nd Edition"
"/media/Dados/bases/SWDE/restaurant/restaurant-fodors/1331.htm","Fodor's New York City's 25 Best, 8th Edition"
"/media/Dados/bases/SWDE/restaurant/restaurant-fodors/1974.htm","Compass American Guides: Wyoming, 5th Edition"
"/media/Dados/bases/SWDE/restaurant/restaurant-fodors/0016.htm","Compass American Guides: Alaska's Inside Passage, 2nd Edition"
"/media/Dados/bases/SWDE/restaurant/restaurant-fodors/1785.htm","Fodor's Texas, 1st Edition"
"/media/Dados/bases/SWDE/restaurant/restaurant-fodors/0453.htm","Fodor's New England, 29th Edition"
"/media/Dados/bases/SWDE/restaurant/restaurant-fodors/0350.htm",Fodor's Northern California 2010
"/media/Dados/bases/SWDE/restaurant/restaurant-fodors/1428.htm","Fodor's New York State, 2nd Edition"
"/media/Dados/bases/SWDE/restaurant/restaurant-fodors/1569.htm","Fodor's Pacific Northwest, 17th Edition"
"/media/Dados/bases/SWDE/restaurant/restaurant-fodors/1782.htm","Fodor's Texas, 1st Edition"
"/media/Dados/bases/SWDE/restaurant/restaurant-fodors/0970.htm",Fodor's Boston 2011
"/media/Dados/bases/SWDE/restaurant/restaurant-fodors/0119.htm",Fodor's Northern California 2010
"/media/Dados/bases/SWDE/restaurant/restaurant-fodors/1333.htm","Fodor's New York City's 25 Best, 8th Edition"
"/media/Dados/bases/SWDE/restaurant/restaurant-fodors/1917.htm","Fodor's Seattle's 25 Best, 4th Edition"
"/media/Dados/bases/SWDE/restaurant/restaurant-fodors/1679.htm","Fodor's The Carolinas & Georgia, 18th Edition"
"/media/Dados/bases/SWDE/restaurant/restaurant-fodors/0451.htm","Fodor's New England, 29th Edition"
"/media/Dados/bases/SWDE/restaurant/restaurant-fodors/0092.htm",Fodor's Arizona & the Grand Canyon 2010
"/media/Dados/bases/SWDE/restaurant/restaurant-fodors/0298.htm",Fodor's Northern California 2010
"/media/Dados/bases/SWDE/restaurant/restaurant-fodors/0281.htm",Fodor's Southern California 2010
"/media/Dados/bases/SWDE/restaurant/restaurant-fodors/0865.htm","Fodor's Maine Coast, 3rd Edition"
"/media/Dados/bases/SWDE/restaurant/restaurant-fodors/1889.htm","Fodor's Pacific Northwest, 17th Edition"
"/media/Dados/bases/SWDE/restaurant/restaurant-fodors/0226.htm",Fodor's Southern California 2010
"/media/Dados/bases/SWDE/restaurant/restaurant-fodors/0485.htm","Fodor's Washington, D.C. 2010"
"/media/Dados/bases/SWDE/restaurant/restaurant-fodors/0621.htm",Fodor's Walt Disney World with Kids 2011
"/media/Dados/bases/SWDE/restaurant/restaurant-fodors/1570.htm","Fodor's Pacific Northwest, 17th Edition"
"/media/Dados/bases/SWDE/restaurant/restaurant-fodors/0294.htm",Fodor's Northern California 2010
"/media/Dados/bases/SWDE/restaurant/restaurant-fodors/0414.htm","Fodor's Colorado, 9th Edition"
"/media/Dados/bases/SWDE/restaurant/restaurant-fodors/1005.htm","Fodor's Cape Cod, Nantucket & Martha's Vineyard, 28th Edition"
"/media/Dados/bases/SWDE/restaurant/restaurant-fodors/1834.htm","Fodor's Utah, 4th Edition"
"/media/Dados/bases/SWDE/restaurant/restaurant-fodors/1000.htm","Fodor's Cape Cod, Nantucket & Martha's Vineyard, 28th Edition"
"/media/Dados/bases/SWDE/restaurant/restaurant-fodors/0275.htm",Fodor's Southern California 2010
"/media/Dados/bases/SWDE/restaurant/restaurant-fodors/0468.htm","Fodor's Washington, D.C. 2010"
"/media/Dados/bases/SWDE/restaurant/restaurant-fodors/0247.htm",Fodor's Southern California 2010
"/media/Dados/bases/SWDE/restaurant/restaurant-fodors/0168.htm",Fodor's Southern California 2010
"/media/Dados/bases/SWDE/restaurant/restaurant-fodors/1298.htm","Fodor's New York State, 2nd Edition"
"/media/Dados/bases/SWDE/restaurant/restaurant-fodors/0015.htm",Fodor's Alaska 2010
"/media/Dados/bases/SWDE/restaurant/restaurant-fodors/0132.htm",Fodor's Northern California 2010
"/media/Dados/bases/SWDE/restaurant/restaurant-fodors/0731.htm","Fodor's Oahu, 3rd Edition"
"/media/Dados/bases/SWDE/restaurant/restaurant-fodors/1358.htm","Fodor's New York City's 25 Best, 8th Edition"
"/media/Dados/bases/SWDE/restaurant/restaurant-fodors/1118.htm","Fodor's Montana & Wyoming, 4th Edition"
"/media/Dados/bases/SWDE/restaurant/restaurant-fodors/1805.htm","Fodor's Utah, 4th Edition"
"/media/Dados/bases/SWDE/restaurant/restaurant-fodors/0289.htm",Fodor's Northern California 2010
"/media/Dados/bases/SWDE/restaurant/restaurant-fodors/1484.htm","Fodor's The Carolinas & Georgia, 18th Edition"
"/media/Dados/bases/SWDE/restaurant/restaurant-fodors/0932.htm","Fodor's Virginia & Maryland, 10th Edition"
"/media/Dados/bases/SWDE/restaurant/restaurant-fodors/0872.htm","Fodor's Maine Coast, 3rd Edition"
"/media/Dados/bases/SWDE/restaurant/restaurant-fodors/1887.htm","Fodor's Pacific Northwest, 17th Edition"
"/media/Dados/bases/SWDE/restaurant/restaurant-fodors/0290.htm",Fodor's Northern California 2010
"/media/Dados/bases/SWDE/restaurant/restaurant-fodors/0257.htm",Fodor's Southern California 2010
"/media/Dados/bases/SWDE/restaurant/restaurant-fodors/0480.htm","Fodor's Washington, D.C. 2010"
"/media/Dados/bases/SWDE/restaurant/restaurant-fodors/1224.htm","Fodor's Santa Fe, Taos & Albuquerque, 2nd Edition"
"/media/Dados/bases/SWDE/restaurant/restaurant-fodors/1724.htm","Fodor's Texas, 1st Edition"
"/media/Dados/bases/SWDE/restaurant/restaurant-fodors/1595.htm","Compass American Guides: Pennsylvania, 3rd Edition"
"/media/Dados/bases/SWDE/restaurant/restaurant-fodors/0170.htm",Fodor's Southern California 2010
"/media/Dados/bases/SWDE/restaurant/restaurant-fodors/1295.htm","Fodor's New York State, 2nd Edition"
"/media/Dados/bases/SWDE/restaurant/restaurant-fodors/1898.htm","Fodor's Pacific Northwest, 17th Edition"
"/media/Dados/bases/SWDE/restaurant/restaurant-fodors/0880.htm","Fodor's Maine Coast, 3rd Edition"
"/media/Dados/bases/SWDE/restaurant/restaurant-fodors/0734.htm","Fodor's Kaua'i, 3rd Edition"
"/media/Dados/bases/SWDE/restaurant/restaurant-fodors/1885.htm","Fodor's Pacific Northwest, 17th Edition"
"/media/Dados/bases/SWDE/restaurant/restaurant-fodors/1717.htm","Fodor's Texas, 1st Edition"
"/media/Dados/bases/SWDE/restaurant/restaurant-fodors/0721.htm","Fodor's Oahu, 3rd Edition"
"/media/Dados/bases/SWDE/restaurant/restaurant-fodors/1871.htm","Fodor's Virginia & Maryland, 10th Edition"
