URL,EXTRACTED VALUE
"/media/Dados/bases/SWDE/job/job-hotjobs/0699.htm",Provide necessary support to other team members as required to help deliver systems on schedule and with high quality
"/media/Dados/bases/SWDE/job/job-hotjobs/0665.htm",Provide necessary support to other team members as required to help deliver systems on schedule and with high quality
"/media/Dados/bases/SWDE/job/job-hotjobs/0590.htm",Develop and maintain effective business relationships with clients and contacts.
"/media/Dados/bases/SWDE/job/job-hotjobs/0831.htm",Good written/report writing and verbal communication skills demonstrating clarity
"/media/Dados/bases/SWDE/job/job-hotjobs/0463.htm",Schedules work to ensures accurate phone coverage; monitors priority of calls and shifts escalated calls to assure resolution to problems.
"/media/Dados/bases/SWDE/job/job-hotjobs/0473.htm","Hands-on, roll-up-your sleeves, work ethic"
"/media/Dados/bases/SWDE/job/job-hotjobs/1855.htm","Hands-on, roll-up-your sleeves, work ethic"
"/media/Dados/bases/SWDE/job/job-hotjobs/0091.htm","Accountability for all development, implementation, and production activities for the B2B team."
