URL,EXTRACTED VALUE
"/media/Dados/bases/SWDE/job/job-hotjobs/1648.htm",skill requirements & resources and assisting with their integration into the team.
