URL,EXTRACTED VALUE
"/media/Dados/bases/SWDE/book/book-christianbook/1650.htm",Series
"/media/Dados/bases/SWDE/book/book-christianbook/1940.htm",Media Type
"/media/Dados/bases/SWDE/book/book-christianbook/1800.htm",Nueva Biblia al Dia(NBD)
"/media/Dados/bases/SWDE/book/book-christianbook/1653.htm",Family
"/media/Dados/bases/SWDE/book/book-christianbook/1048.htm",Media Type
"/media/Dados/bases/SWDE/book/book-christianbook/0691.htm",Price
"/media/Dados/bases/SWDE/book/book-christianbook/1330.htm",Series
"/media/Dados/bases/SWDE/book/book-christianbook/0734.htm",Media Type
"/media/Dados/bases/SWDE/book/book-christianbook/0976.htm",Publisher
"/media/Dados/bases/SWDE/book/book-christianbook/1188.htm",Price
"/media/Dados/bases/SWDE/book/book-christianbook/0021.htm",Price
"/media/Dados/bases/SWDE/book/book-christianbook/1549.htm",Author / Artist
"/media/Dados/bases/SWDE/book/book-christianbook/0783.htm",Baptist Theology
"/media/Dados/bases/SWDE/book/book-christianbook/0617.htm",Publisher
"/media/Dados/bases/SWDE/book/book-christianbook/1977.htm",Premillennial / Futurist
"/media/Dados/bases/SWDE/book/book-christianbook/1170.htm",Price
"/media/Dados/bases/SWDE/book/book-christianbook/0526.htm",Price
"/media/Dados/bases/SWDE/book/book-christianbook/0690.htm",Media Type
"/media/Dados/bases/SWDE/book/book-christianbook/1293.htm",Discount
"/media/Dados/bases/SWDE/book/book-christianbook/1898.htm",Series
"/media/Dados/bases/SWDE/book/book-christianbook/0687.htm",Media Type
"/media/Dados/bases/SWDE/book/book-christianbook/1171.htm",Price
"/media/Dados/bases/SWDE/book/book-christianbook/0639.htm",Fund Raising
"/media/Dados/bases/SWDE/book/book-christianbook/0266.htm",Media Type
"/media/Dados/bases/SWDE/book/book-christianbook/1556.htm",Lord of the Rings
"/media/Dados/bases/SWDE/book/book-christianbook/1780.htm",Guides & Workbooks
"/media/Dados/bases/SWDE/book/book-christianbook/0694.htm",Price
"/media/Dados/bases/SWDE/book/book-christianbook/1150.htm",Media Type
"/media/Dados/bases/SWDE/book/book-christianbook/1503.htm",Publisher
"/media/Dados/bases/SWDE/book/book-christianbook/1592.htm",Top Rated
"/media/Dados/bases/SWDE/book/book-christianbook/1023.htm",Series
"/media/Dados/bases/SWDE/book/book-christianbook/1033.htm",Series
"/media/Dados/bases/SWDE/book/book-christianbook/0354.htm",Media Type
"/media/Dados/bases/SWDE/book/book-christianbook/0318.htm",Media Type
"/media/Dados/bases/SWDE/book/book-christianbook/0634.htm",Illness
"/media/Dados/bases/SWDE/book/book-christianbook/0878.htm",Premillennial / Futurist
"/media/Dados/bases/SWDE/book/book-christianbook/1738.htm",Guides & Workbooks
"/media/Dados/bases/SWDE/book/book-christianbook/1788.htm",Price
"/media/Dados/bases/SWDE/book/book-christianbook/0121.htm",Theological Tradition
"/media/Dados/bases/SWDE/book/book-christianbook/0412.htm",Publisher
"/media/Dados/bases/SWDE/book/book-christianbook/1817.htm",Publisher
"/media/Dados/bases/SWDE/book/book-christianbook/1649.htm",Blended Family
"/media/Dados/bases/SWDE/book/book-christianbook/0749.htm",Price
"/media/Dados/bases/SWDE/book/book-christianbook/0357.htm",Following Directions
"/media/Dados/bases/SWDE/book/book-christianbook/0437.htm",Media Type
"/media/Dados/bases/SWDE/book/book-christianbook/0390.htm",Publisher
"/media/Dados/bases/SWDE/book/book-christianbook/0692.htm",Media Type
"/media/Dados/bases/SWDE/book/book-christianbook/0977.htm",Youth Sermons
"/media/Dados/bases/SWDE/book/book-christianbook/0399.htm",Guides & Workbooks
"/media/Dados/bases/SWDE/book/book-christianbook/1579.htm",Author / Artist
"/media/Dados/bases/SWDE/book/book-christianbook/0370.htm",Publisher
"/media/Dados/bases/SWDE/book/book-christianbook/1019.htm",Author / Artist
"/media/Dados/bases/SWDE/book/book-christianbook/1113.htm",Reina-Valera(RVR)
"/media/Dados/bases/SWDE/book/book-christianbook/0309.htm",Spiritual Warfare
"/media/Dados/bases/SWDE/book/book-christianbook/1768.htm",Author / Artist
"/media/Dados/bases/SWDE/book/book-christianbook/1626.htm",Sexual Addiction
"/media/Dados/bases/SWDE/book/book-christianbook/0433.htm",Old Testament Theology
"/media/Dados/bases/SWDE/book/book-christianbook/1200.htm",Media Type
"/media/Dados/bases/SWDE/book/book-christianbook/1933.htm",Author / Artist
"/media/Dados/bases/SWDE/book/book-christianbook/0071.htm",Media Type
"/media/Dados/bases/SWDE/book/book-christianbook/1596.htm",Discount
"/media/Dados/bases/SWDE/book/book-christianbook/1819.htm",Price
"/media/Dados/bases/SWDE/book/book-christianbook/0872.htm",Author / Artist
"/media/Dados/bases/SWDE/book/book-christianbook/0782.htm",Media Type
"/media/Dados/bases/SWDE/book/book-christianbook/1567.htm",Series
"/media/Dados/bases/SWDE/book/book-christianbook/0882.htm",Series
"/media/Dados/bases/SWDE/book/book-christianbook/0375.htm",Price
"/media/Dados/bases/SWDE/book/book-christianbook/1506.htm",Series
"/media/Dados/bases/SWDE/book/book-christianbook/0632.htm",Author / Artist
"/media/Dados/bases/SWDE/book/book-christianbook/0573.htm",Media Type
"/media/Dados/bases/SWDE/book/book-christianbook/0587.htm",Author / Artist
"/media/Dados/bases/SWDE/book/book-christianbook/0773.htm",Series
"/media/Dados/bases/SWDE/book/book-christianbook/1747.htm",Prayer
"/media/Dados/bases/SWDE/book/book-christianbook/0710.htm",Resources
"/media/Dados/bases/SWDE/book/book-christianbook/1883.htm",Publisher
"/media/Dados/bases/SWDE/book/book-christianbook/0695.htm",Price
"/media/Dados/bases/SWDE/book/book-christianbook/1351.htm",Price
"/media/Dados/bases/SWDE/book/book-christianbook/0108.htm",Media Type
"/media/Dados/bases/SWDE/book/book-christianbook/1889.htm",Price
"/media/Dados/bases/SWDE/book/book-christianbook/0203.htm",Publisher
"/media/Dados/bases/SWDE/book/book-christianbook/0156.htm",Author / Artist
"/media/Dados/bases/SWDE/book/book-christianbook/0031.htm",Series
"/media/Dados/bases/SWDE/book/book-christianbook/0844.htm",Author / Artist
"/media/Dados/bases/SWDE/book/book-christianbook/0525.htm",Guides & Workbooks
"/media/Dados/bases/SWDE/book/book-christianbook/1353.htm",Price
"/media/Dados/bases/SWDE/book/book-christianbook/0230.htm",Media Type
"/media/Dados/bases/SWDE/book/book-christianbook/1407.htm",Series
"/media/Dados/bases/SWDE/book/book-christianbook/0957.htm",Price
"/media/Dados/bases/SWDE/book/book-christianbook/1235.htm",Series
"/media/Dados/bases/SWDE/book/book-christianbook/1130.htm",Audience
"/media/Dados/bases/SWDE/book/book-christianbook/1103.htm",Media Type
"/media/Dados/bases/SWDE/book/book-christianbook/0565.htm",Series
"/media/Dados/bases/SWDE/book/book-christianbook/1529.htm",Media Type
"/media/Dados/bases/SWDE/book/book-christianbook/0949.htm",Guides & Workbooks
"/media/Dados/bases/SWDE/book/book-christianbook/0837.htm",Price
"/media/Dados/bases/SWDE/book/book-christianbook/1355.htm",Media Type
"/media/Dados/bases/SWDE/book/book-christianbook/0904.htm",Publisher
"/media/Dados/bases/SWDE/book/book-christianbook/1798.htm",Media Type
"/media/Dados/bases/SWDE/book/book-christianbook/0955.htm",Holiday Activity Books
"/media/Dados/bases/SWDE/book/book-christianbook/0880.htm",Premillennial / Futurist
"/media/Dados/bases/SWDE/book/book-christianbook/0726.htm",Discount
"/media/Dados/bases/SWDE/book/book-christianbook/0159.htm",Author / Artist
"/media/Dados/bases/SWDE/book/book-christianbook/0520.htm",Guides & Workbooks
"/media/Dados/bases/SWDE/book/book-christianbook/0910.htm",Family
"/media/Dados/bases/SWDE/book/book-christianbook/1546.htm",Price
"/media/Dados/bases/SWDE/book/book-christianbook/0689.htm",Media Type
"/media/Dados/bases/SWDE/book/book-christianbook/0169.htm",Lord of the Rings
"/media/Dados/bases/SWDE/book/book-christianbook/1325.htm",Price
"/media/Dados/bases/SWDE/book/book-christianbook/0029.htm",Price
"/media/Dados/bases/SWDE/book/book-christianbook/1761.htm",Publisher
"/media/Dados/bases/SWDE/book/book-christianbook/1122.htm",Author / Artist
"/media/Dados/bases/SWDE/book/book-christianbook/1746.htm",Color
"/media/Dados/bases/SWDE/book/book-christianbook/0426.htm",Media Type
"/media/Dados/bases/SWDE/book/book-christianbook/0337.htm",Seasonal Studies
"/media/Dados/bases/SWDE/book/book-christianbook/1408.htm",NT Socio-Historical Studies
"/media/Dados/bases/SWDE/book/book-christianbook/1660.htm",Judaism & Christianity
"/media/Dados/bases/SWDE/book/book-christianbook/0562.htm",Top Rated
"/media/Dados/bases/SWDE/book/book-christianbook/0293.htm",Top Rated
"/media/Dados/bases/SWDE/book/book-christianbook/1708.htm",Publisher
"/media/Dados/bases/SWDE/book/book-christianbook/1053.htm",Media Type
"/media/Dados/bases/SWDE/book/book-christianbook/0919.htm",Top Rated
"/media/Dados/bases/SWDE/book/book-christianbook/0606.htm",Public Theology
"/media/Dados/bases/SWDE/book/book-christianbook/0401.htm",Price
"/media/Dados/bases/SWDE/book/book-christianbook/1275.htm",Series
"/media/Dados/bases/SWDE/book/book-christianbook/0550.htm",Price
"/media/Dados/bases/SWDE/book/book-christianbook/1448.htm",Price
"/media/Dados/bases/SWDE/book/book-christianbook/0051.htm",Series
"/media/Dados/bases/SWDE/book/book-christianbook/0232.htm",Media Type
"/media/Dados/bases/SWDE/book/book-christianbook/0702.htm",Resources
"/media/Dados/bases/SWDE/book/book-christianbook/0115.htm",Price
"/media/Dados/bases/SWDE/book/book-christianbook/0199.htm",Media Type
"/media/Dados/bases/SWDE/book/book-christianbook/1402.htm",Publisher
"/media/Dados/bases/SWDE/book/book-christianbook/1935.htm",Price
"/media/Dados/bases/SWDE/book/book-christianbook/1621.htm",Scientific
"/media/Dados/bases/SWDE/book/book-christianbook/0731.htm",Media Type
"/media/Dados/bases/SWDE/book/book-christianbook/1722.htm",Public Theology
"/media/Dados/bases/SWDE/book/book-christianbook/0809.htm",Guides & Workbooks
"/media/Dados/bases/SWDE/book/book-christianbook/0148.htm",Top Rated
"/media/Dados/bases/SWDE/book/book-christianbook/0715.htm",Author / Artist
"/media/Dados/bases/SWDE/book/book-christianbook/0612.htm",Prayer
"/media/Dados/bases/SWDE/book/book-christianbook/1994.htm",Media Type
"/media/Dados/bases/SWDE/book/book-christianbook/1153.htm",Media Type
"/media/Dados/bases/SWDE/book/book-christianbook/1339.htm",Author / Artist
"/media/Dados/bases/SWDE/book/book-christianbook/1287.htm",Prayer
"/media/Dados/bases/SWDE/book/book-christianbook/0613.htm",Number of Lessons
"/media/Dados/bases/SWDE/book/book-christianbook/1698.htm",Publisher
"/media/Dados/bases/SWDE/book/book-christianbook/0241.htm",Author / Artist
"/media/Dados/bases/SWDE/book/book-christianbook/1009.htm",Other
"/media/Dados/bases/SWDE/book/book-christianbook/0799.htm",Media Type
"/media/Dados/bases/SWDE/book/book-christianbook/0060.htm",Top Rated
"/media/Dados/bases/SWDE/book/book-christianbook/0502.htm",Illness
"/media/Dados/bases/SWDE/book/book-christianbook/0704.htm",Publisher
"/media/Dados/bases/SWDE/book/book-christianbook/0154.htm",Blended Family
"/media/Dados/bases/SWDE/book/book-christianbook/1177.htm",Series
"/media/Dados/bases/SWDE/book/book-christianbook/0646.htm",Price
"/media/Dados/bases/SWDE/book/book-christianbook/0295.htm",Price
"/media/Dados/bases/SWDE/book/book-christianbook/1102.htm",Top Rated
"/media/Dados/bases/SWDE/book/book-christianbook/0984.htm",Series
"/media/Dados/bases/SWDE/book/book-christianbook/0748.htm",Price
"/media/Dados/bases/SWDE/book/book-christianbook/1619.htm",Publisher
"/media/Dados/bases/SWDE/book/book-christianbook/0392.htm",Publisher
"/media/Dados/bases/SWDE/book/book-christianbook/1473.htm",Media Type
"/media/Dados/bases/SWDE/book/book-christianbook/0495.htm",Price
"/media/Dados/bases/SWDE/book/book-christianbook/0269.htm",Author / Artist
"/media/Dados/bases/SWDE/book/book-christianbook/1044.htm",Media Type
"/media/Dados/bases/SWDE/book/book-christianbook/1972.htm",Binding
"/media/Dados/bases/SWDE/book/book-christianbook/1414.htm",Author / Artist
"/media/Dados/bases/SWDE/book/book-christianbook/1010.htm",Spiritual Warfare
"/media/Dados/bases/SWDE/book/book-christianbook/0282.htm",Series
"/media/Dados/bases/SWDE/book/book-christianbook/0788.htm",Media Type
"/media/Dados/bases/SWDE/book/book-christianbook/0020.htm",Author / Artist
"/media/Dados/bases/SWDE/book/book-christianbook/0539.htm",Tracts
"/media/Dados/bases/SWDE/book/book-christianbook/1709.htm",Top Rated
"/media/Dados/bases/SWDE/book/book-christianbook/1953.htm",Publisher
"/media/Dados/bases/SWDE/book/book-christianbook/0056.htm",Series
"/media/Dados/bases/SWDE/book/book-christianbook/0458.htm",Price
"/media/Dados/bases/SWDE/book/book-christianbook/1011.htm",Illness
"/media/Dados/bases/SWDE/book/book-christianbook/0846.htm",Author / Artist
"/media/Dados/bases/SWDE/book/book-christianbook/1854.htm",Price
"/media/Dados/bases/SWDE/book/book-christianbook/0920.htm",Series
"/media/Dados/bases/SWDE/book/book-christianbook/1299.htm",Publisher
"/media/Dados/bases/SWDE/book/book-christianbook/0042.htm",Publisher
"/media/Dados/bases/SWDE/book/book-christianbook/0077.htm",Price
"/media/Dados/bases/SWDE/book/book-christianbook/1607.htm",Author / Artist
"/media/Dados/bases/SWDE/book/book-christianbook/1151.htm",Media Type
"/media/Dados/bases/SWDE/book/book-christianbook/0836.htm",Author / Artist
"/media/Dados/bases/SWDE/book/book-christianbook/1864.htm",Year
"/media/Dados/bases/SWDE/book/book-christianbook/0623.htm",Author / Artist
"/media/Dados/bases/SWDE/book/book-christianbook/0240.htm",Media Type
"/media/Dados/bases/SWDE/book/book-christianbook/1654.htm",Publisher
"/media/Dados/bases/SWDE/book/book-christianbook/1193.htm",Media Type
"/media/Dados/bases/SWDE/book/book-christianbook/1280.htm",Guides & Workbooks
"/media/Dados/bases/SWDE/book/book-christianbook/1661.htm",Guides & Workbooks
"/media/Dados/bases/SWDE/book/book-christianbook/0903.htm",Personal Testimonies
"/media/Dados/bases/SWDE/book/book-christianbook/1395.htm",Author / Artist
"/media/Dados/bases/SWDE/book/book-christianbook/1427.htm",Publisher
"/media/Dados/bases/SWDE/book/book-christianbook/0272.htm",Binding
"/media/Dados/bases/SWDE/book/book-christianbook/1060.htm",Author / Artist
"/media/Dados/bases/SWDE/book/book-christianbook/1223.htm",Author / Artist
"/media/Dados/bases/SWDE/book/book-christianbook/0796.htm",Price
"/media/Dados/bases/SWDE/book/book-christianbook/1303.htm",Price
"/media/Dados/bases/SWDE/book/book-christianbook/1930.htm",Top Rated
"/media/Dados/bases/SWDE/book/book-christianbook/0032.htm",Price
"/media/Dados/bases/SWDE/book/book-christianbook/0853.htm",Media Type
"/media/Dados/bases/SWDE/book/book-christianbook/1397.htm",Guides & Workbooks
"/media/Dados/bases/SWDE/book/book-christianbook/0761.htm",Author / Artist
"/media/Dados/bases/SWDE/book/book-christianbook/1508.htm",Series
"/media/Dados/bases/SWDE/book/book-christianbook/1967.htm",Other
"/media/Dados/bases/SWDE/book/book-christianbook/0944.htm",Series
"/media/Dados/bases/SWDE/book/book-christianbook/1833.htm",Discount
"/media/Dados/bases/SWDE/book/book-christianbook/1783.htm",Price
"/media/Dados/bases/SWDE/book/book-christianbook/1209.htm",Price
"/media/Dados/bases/SWDE/book/book-christianbook/1559.htm",Price
"/media/Dados/bases/SWDE/book/book-christianbook/0674.htm",Doctrine of God
"/media/Dados/bases/SWDE/book/book-christianbook/0450.htm",Binding
"/media/Dados/bases/SWDE/book/book-christianbook/1992.htm",Sexual Addiction
"/media/Dados/bases/SWDE/book/book-christianbook/1108.htm",Media Type
"/media/Dados/bases/SWDE/book/book-christianbook/1492.htm",Year
"/media/Dados/bases/SWDE/book/book-christianbook/1366.htm",Media Type
"/media/Dados/bases/SWDE/book/book-christianbook/0660.htm",Equipping Volunteers
"/media/Dados/bases/SWDE/book/book-christianbook/1256.htm",Series
"/media/Dados/bases/SWDE/book/book-christianbook/0778.htm",Author / Artist
"/media/Dados/bases/SWDE/book/book-christianbook/0161.htm",Media Type
"/media/Dados/bases/SWDE/book/book-christianbook/0227.htm",Tracts
"/media/Dados/bases/SWDE/book/book-christianbook/1239.htm",VeggieTales Characters
"/media/Dados/bases/SWDE/book/book-christianbook/1199.htm",Reina-Valera(RVR)
"/media/Dados/bases/SWDE/book/book-christianbook/0624.htm",Top Rated
"/media/Dados/bases/SWDE/book/book-christianbook/1675.htm",Series
"/media/Dados/bases/SWDE/book/book-christianbook/0729.htm",Media Type
"/media/Dados/bases/SWDE/book/book-christianbook/1719.htm",Price
"/media/Dados/bases/SWDE/book/book-christianbook/0167.htm",Prophecy
"/media/Dados/bases/SWDE/book/book-christianbook/0861.htm",Publisher
"/media/Dados/bases/SWDE/book/book-christianbook/0620.htm",Illness
"/media/Dados/bases/SWDE/book/book-christianbook/0850.htm",Calvin
"/media/Dados/bases/SWDE/book/book-christianbook/1328.htm",Missions Shop
"/media/Dados/bases/SWDE/book/book-christianbook/0256.htm",Number of Lessons
"/media/Dados/bases/SWDE/book/book-christianbook/1306.htm",Author / Artist
"/media/Dados/bases/SWDE/book/book-christianbook/0043.htm",Price
"/media/Dados/bases/SWDE/book/book-christianbook/1138.htm",Series
"/media/Dados/bases/SWDE/book/book-christianbook/0618.htm",Eastern Orthodoxy
"/media/Dados/bases/SWDE/book/book-christianbook/0636.htm",Series
"/media/Dados/bases/SWDE/book/book-christianbook/1483.htm",Media Type
"/media/Dados/bases/SWDE/book/book-christianbook/1399.htm",Price
"/media/Dados/bases/SWDE/book/book-christianbook/0027.htm",Series
"/media/Dados/bases/SWDE/book/book-christianbook/0771.htm",Author / Artist
"/media/Dados/bases/SWDE/book/book-christianbook/1828.htm",Series
"/media/Dados/bases/SWDE/book/book-christianbook/1006.htm",Media Type
"/media/Dados/bases/SWDE/book/book-christianbook/1240.htm",Author / Artist
"/media/Dados/bases/SWDE/book/book-christianbook/0554.htm",Price
"/media/Dados/bases/SWDE/book/book-christianbook/0640.htm",Number of Lessons
"/media/Dados/bases/SWDE/book/book-christianbook/1642.htm",Jewish Theology
"/media/Dados/bases/SWDE/book/book-christianbook/1278.htm",Author / Artist
"/media/Dados/bases/SWDE/book/book-christianbook/0805.htm",Media Type
"/media/Dados/bases/SWDE/book/book-christianbook/0766.htm",Publisher
"/media/Dados/bases/SWDE/book/book-christianbook/0648.htm",Author / Artist
"/media/Dados/bases/SWDE/book/book-christianbook/0252.htm",Series
"/media/Dados/bases/SWDE/book/book-christianbook/1295.htm",Media Type
"/media/Dados/bases/SWDE/book/book-christianbook/1730.htm",Plays
"/media/Dados/bases/SWDE/book/book-christianbook/1822.htm",Guides & Workbooks
"/media/Dados/bases/SWDE/book/book-christianbook/0645.htm",Publisher
"/media/Dados/bases/SWDE/book/book-christianbook/1863.htm",Media Type
"/media/Dados/bases/SWDE/book/book-christianbook/0235.htm",My Utmost for His Highest
"/media/Dados/bases/SWDE/book/book-christianbook/1038.htm",Price
"/media/Dados/bases/SWDE/book/book-christianbook/1843.htm",Making Disciples
"/media/Dados/bases/SWDE/book/book-christianbook/0616.htm",Publisher
"/media/Dados/bases/SWDE/book/book-christianbook/0833.htm",Price
"/media/Dados/bases/SWDE/book/book-christianbook/1039.htm",Reina-Valera(RVR)
"/media/Dados/bases/SWDE/book/book-christianbook/1350.htm",NT Socio-Historical Studies
"/media/Dados/bases/SWDE/book/book-christianbook/1266.htm",Year
"/media/Dados/bases/SWDE/book/book-christianbook/1377.htm",Series
"/media/Dados/bases/SWDE/book/book-christianbook/1049.htm",Author / Artist
"/media/Dados/bases/SWDE/book/book-christianbook/0487.htm",VeggieTales Characters
"/media/Dados/bases/SWDE/book/book-christianbook/0885.htm",Series
"/media/Dados/bases/SWDE/book/book-christianbook/0255.htm",Top Rated
"/media/Dados/bases/SWDE/book/book-christianbook/0929.htm",Binding
"/media/Dados/bases/SWDE/book/book-christianbook/1839.htm",Media Type
"/media/Dados/bases/SWDE/book/book-christianbook/0377.htm",Price
"/media/Dados/bases/SWDE/book/book-christianbook/1976.htm",Media Type
"/media/Dados/bases/SWDE/book/book-christianbook/1736.htm",Top Rated
"/media/Dados/bases/SWDE/book/book-christianbook/1946.htm",Media Type
"/media/Dados/bases/SWDE/book/book-christianbook/0653.htm",Publisher
"/media/Dados/bases/SWDE/book/book-christianbook/1979.htm",Media Type
"/media/Dados/bases/SWDE/book/book-christianbook/1305.htm",Author / Artist
"/media/Dados/bases/SWDE/book/book-christianbook/0267.htm",Media Type
"/media/Dados/bases/SWDE/book/book-christianbook/1756.htm",Media Type
"/media/Dados/bases/SWDE/book/book-christianbook/0807.htm",Author / Artist
"/media/Dados/bases/SWDE/book/book-christianbook/1961.htm",Author / Artist
"/media/Dados/bases/SWDE/book/book-christianbook/1554.htm",Author / Artist
"/media/Dados/bases/SWDE/book/book-christianbook/1848.htm",Price
"/media/Dados/bases/SWDE/book/book-christianbook/1312.htm",Publisher
"/media/Dados/bases/SWDE/book/book-christianbook/0752.htm",Guides & Workbooks
"/media/Dados/bases/SWDE/book/book-christianbook/1484.htm",Author / Artist
"/media/Dados/bases/SWDE/book/book-christianbook/1423.htm",Series
"/media/Dados/bases/SWDE/book/book-christianbook/1764.htm",Price
"/media/Dados/bases/SWDE/book/book-christianbook/0985.htm",Series
"/media/Dados/bases/SWDE/book/book-christianbook/1406.htm",Price
"/media/Dados/bases/SWDE/book/book-christianbook/1797.htm",Series
"/media/Dados/bases/SWDE/book/book-christianbook/1715.htm",Making Disciples
"/media/Dados/bases/SWDE/book/book-christianbook/1246.htm",Media Type
"/media/Dados/bases/SWDE/book/book-christianbook/1343.htm",VeggieTales Characters
"/media/Dados/bases/SWDE/book/book-christianbook/1710.htm",Media Type
"/media/Dados/bases/SWDE/book/book-christianbook/1968.htm",Price
"/media/Dados/bases/SWDE/book/book-christianbook/1245.htm",Guides & Workbooks
"/media/Dados/bases/SWDE/book/book-christianbook/1497.htm",Author / Artist
"/media/Dados/bases/SWDE/book/book-christianbook/0107.htm",Media Type
"/media/Dados/bases/SWDE/book/book-christianbook/0952.htm",Guides & Workbooks
"/media/Dados/bases/SWDE/book/book-christianbook/1456.htm",Series
"/media/Dados/bases/SWDE/book/book-christianbook/1420.htm",Author / Artist
"/media/Dados/bases/SWDE/book/book-christianbook/1133.htm",Author / Artist
"/media/Dados/bases/SWDE/book/book-christianbook/0518.htm",Making Disciples
"/media/Dados/bases/SWDE/book/book-christianbook/0546.htm",Price
"/media/Dados/bases/SWDE/book/book-christianbook/0464.htm",Price
"/media/Dados/bases/SWDE/book/book-christianbook/1733.htm",Price
"/media/Dados/bases/SWDE/book/book-christianbook/1513.htm",Series
"/media/Dados/bases/SWDE/book/book-christianbook/0238.htm",Guides & Workbooks
"/media/Dados/bases/SWDE/book/book-christianbook/0097.htm",Media Type
"/media/Dados/bases/SWDE/book/book-christianbook/0738.htm",Guides & Workbooks
"/media/Dados/bases/SWDE/book/book-christianbook/1211.htm",Series
"/media/Dados/bases/SWDE/book/book-christianbook/1658.htm",Price
"/media/Dados/bases/SWDE/book/book-christianbook/0191.htm",VeggieTales Characters
"/media/Dados/bases/SWDE/book/book-christianbook/1938.htm",Publisher
"/media/Dados/bases/SWDE/book/book-christianbook/0959.htm",Media Type
"/media/Dados/bases/SWDE/book/book-christianbook/0481.htm",Price
"/media/Dados/bases/SWDE/book/book-christianbook/0670.htm",My Utmost for His Highest
"/media/Dados/bases/SWDE/book/book-christianbook/1812.htm",Series
"/media/Dados/bases/SWDE/book/book-christianbook/0596.htm",Price
"/media/Dados/bases/SWDE/book/book-christianbook/0435.htm",Media Type
"/media/Dados/bases/SWDE/book/book-christianbook/1595.htm",Media Type
"/media/Dados/bases/SWDE/book/book-christianbook/0699.htm",Top Rated
"/media/Dados/bases/SWDE/book/book-christianbook/0346.htm",Number of Lessons
"/media/Dados/bases/SWDE/book/book-christianbook/1034.htm",Price
"/media/Dados/bases/SWDE/book/book-christianbook/0046.htm",Media Type
"/media/Dados/bases/SWDE/book/book-christianbook/1901.htm",Guides & Workbooks
"/media/Dados/bases/SWDE/book/book-christianbook/1517.htm",Media Type
"/media/Dados/bases/SWDE/book/book-christianbook/0921.htm",Price
"/media/Dados/bases/SWDE/book/book-christianbook/1737.htm",Price
"/media/Dados/bases/SWDE/book/book-christianbook/1750.htm",Guides & Workbooks
"/media/Dados/bases/SWDE/book/book-christianbook/0381.htm",Series
"/media/Dados/bases/SWDE/book/book-christianbook/0740.htm",Media Type
"/media/Dados/bases/SWDE/book/book-christianbook/1219.htm",VeggieTales Characters
"/media/Dados/bases/SWDE/book/book-christianbook/0463.htm",Media Type
"/media/Dados/bases/SWDE/book/book-christianbook/0024.htm",Media Type
"/media/Dados/bases/SWDE/book/book-christianbook/0246.htm",Author / Artist
"/media/Dados/bases/SWDE/book/book-christianbook/1392.htm",Prayer
"/media/Dados/bases/SWDE/book/book-christianbook/1628.htm",Guides & Workbooks
"/media/Dados/bases/SWDE/book/book-christianbook/0380.htm",Media Type
"/media/Dados/bases/SWDE/book/book-christianbook/1815.htm",Series
"/media/Dados/bases/SWDE/book/book-christianbook/0482.htm",Publisher
"/media/Dados/bases/SWDE/book/book-christianbook/0101.htm",Media Type
"/media/Dados/bases/SWDE/book/book-christianbook/1620.htm",Price
"/media/Dados/bases/SWDE/book/book-christianbook/0016.htm",Price
"/media/Dados/bases/SWDE/book/book-christianbook/0831.htm",Series
"/media/Dados/bases/SWDE/book/book-christianbook/1167.htm",Top Rated
"/media/Dados/bases/SWDE/book/book-christianbook/1909.htm",Other
"/media/Dados/bases/SWDE/book/book-christianbook/1253.htm",Author / Artist
"/media/Dados/bases/SWDE/book/book-christianbook/1236.htm",Media Type
"/media/Dados/bases/SWDE/book/book-christianbook/1807.htm",Personal Testimonies
"/media/Dados/bases/SWDE/book/book-christianbook/0083.htm",Public Theology
"/media/Dados/bases/SWDE/book/book-christianbook/1739.htm",Price
"/media/Dados/bases/SWDE/book/book-christianbook/1590.htm",Media Type
"/media/Dados/bases/SWDE/book/book-christianbook/1674.htm",Author / Artist
"/media/Dados/bases/SWDE/book/book-christianbook/1148.htm",New Testament Theology
"/media/Dados/bases/SWDE/book/book-christianbook/0742.htm",Top Rated
"/media/Dados/bases/SWDE/book/book-christianbook/0895.htm",VeggieTales Characters
"/media/Dados/bases/SWDE/book/book-christianbook/1182.htm",Series
"/media/Dados/bases/SWDE/book/book-christianbook/0338.htm",Top Rated
"/media/Dados/bases/SWDE/book/book-christianbook/1432.htm",Media Type
"/media/Dados/bases/SWDE/book/book-christianbook/0398.htm",VeggieTales Characters
"/media/Dados/bases/SWDE/book/book-christianbook/0179.htm",Media Type
"/media/Dados/bases/SWDE/book/book-christianbook/0131.htm",Media Type
"/media/Dados/bases/SWDE/book/book-christianbook/0007.htm",Author / Artist
"/media/Dados/bases/SWDE/book/book-christianbook/0035.htm",Media Type
"/media/Dados/bases/SWDE/book/book-christianbook/1222.htm",Author / Artist
"/media/Dados/bases/SWDE/book/book-christianbook/1433.htm",VeggieTales Characters
"/media/Dados/bases/SWDE/book/book-christianbook/1083.htm",Media Type
"/media/Dados/bases/SWDE/book/book-christianbook/0373.htm",Guides & Workbooks
"/media/Dados/bases/SWDE/book/book-christianbook/1143.htm",Publisher
"/media/Dados/bases/SWDE/book/book-christianbook/1162.htm",Price
"/media/Dados/bases/SWDE/book/book-christianbook/1801.htm",Guides & Workbooks
"/media/Dados/bases/SWDE/book/book-christianbook/0283.htm",Media Type
"/media/Dados/bases/SWDE/book/book-christianbook/1116.htm",Series
"/media/Dados/bases/SWDE/book/book-christianbook/1921.htm",Family
"/media/Dados/bases/SWDE/book/book-christianbook/0941.htm",Blended Family
"/media/Dados/bases/SWDE/book/book-christianbook/1610.htm",Series
"/media/Dados/bases/SWDE/book/book-christianbook/1361.htm",Difficulty
"/media/Dados/bases/SWDE/book/book-christianbook/0602.htm",Series
"/media/Dados/bases/SWDE/book/book-christianbook/1311.htm",Public Theology
"/media/Dados/bases/SWDE/book/book-christianbook/1893.htm",Price
"/media/Dados/bases/SWDE/book/book-christianbook/1085.htm",Media Type
"/media/Dados/bases/SWDE/book/book-christianbook/1451.htm",Publisher
"/media/Dados/bases/SWDE/book/book-christianbook/0732.htm",Author / Artist
"/media/Dados/bases/SWDE/book/book-christianbook/1363.htm",Beginning Readers
"/media/Dados/bases/SWDE/book/book-christianbook/0584.htm",Series
"/media/Dados/bases/SWDE/book/book-christianbook/0187.htm",Media Type
"/media/Dados/bases/SWDE/book/book-christianbook/1281.htm",Illness
"/media/Dados/bases/SWDE/book/book-christianbook/1105.htm",Series
"/media/Dados/bases/SWDE/book/book-christianbook/0050.htm",Media Type
"/media/Dados/bases/SWDE/book/book-christianbook/0421.htm",Media Type
"/media/Dados/bases/SWDE/book/book-christianbook/0048.htm",Media Type
"/media/Dados/bases/SWDE/book/book-christianbook/1955.htm",Author / Artist
"/media/Dados/bases/SWDE/book/book-christianbook/1835.htm",Confirmation
"/media/Dados/bases/SWDE/book/book-christianbook/0422.htm",Seasonal Studies
"/media/Dados/bases/SWDE/book/book-christianbook/1790.htm",Publisher
"/media/Dados/bases/SWDE/book/book-christianbook/1741.htm",Guides & Workbooks
"/media/Dados/bases/SWDE/book/book-christianbook/1126.htm",Series
"/media/Dados/bases/SWDE/book/book-christianbook/0459.htm",Media Type
"/media/Dados/bases/SWDE/book/book-christianbook/1543.htm",Price
"/media/Dados/bases/SWDE/book/book-christianbook/1099.htm",Other
"/media/Dados/bases/SWDE/book/book-christianbook/0529.htm",Author / Artist
"/media/Dados/bases/SWDE/book/book-christianbook/0348.htm",Price
"/media/Dados/bases/SWDE/book/book-christianbook/0315.htm",Number of Lessons
"/media/Dados/bases/SWDE/book/book-christianbook/1639.htm",Author / Artist
"/media/Dados/bases/SWDE/book/book-christianbook/0711.htm",Price
"/media/Dados/bases/SWDE/book/book-christianbook/0588.htm",Author / Artist
"/media/Dados/bases/SWDE/book/book-christianbook/1485.htm",Series
"/media/Dados/bases/SWDE/book/book-christianbook/1691.htm",Guides & Workbooks
"/media/Dados/bases/SWDE/book/book-christianbook/1109.htm",Publisher
"/media/Dados/bases/SWDE/book/book-christianbook/0678.htm",Series
"/media/Dados/bases/SWDE/book/book-christianbook/1024.htm",Tracts
"/media/Dados/bases/SWDE/book/book-christianbook/1906.htm",Price
"/media/Dados/bases/SWDE/book/book-christianbook/0543.htm",Media Type
"/media/Dados/bases/SWDE/book/book-christianbook/0948.htm",Media Type
"/media/Dados/bases/SWDE/book/book-christianbook/0396.htm",Media Type
"/media/Dados/bases/SWDE/book/book-christianbook/1025.htm",Price
"/media/Dados/bases/SWDE/book/book-christianbook/1464.htm",Author / Artist
"/media/Dados/bases/SWDE/book/book-christianbook/0723.htm",Price
"/media/Dados/bases/SWDE/book/book-christianbook/1871.htm",Publisher
"/media/Dados/bases/SWDE/book/book-christianbook/1067.htm",Discount
"/media/Dados/bases/SWDE/book/book-christianbook/0855.htm",Discount
"/media/Dados/bases/SWDE/book/book-christianbook/0739.htm",Media Type
"/media/Dados/bases/SWDE/book/book-christianbook/0250.htm",Media Type
"/media/Dados/bases/SWDE/book/book-christianbook/0829.htm",Series
"/media/Dados/bases/SWDE/book/book-christianbook/0443.htm",Series
"/media/Dados/bases/SWDE/book/book-christianbook/1725.htm",Author / Artist
"/media/Dados/bases/SWDE/book/book-christianbook/0442.htm",Price
"/media/Dados/bases/SWDE/book/book-christianbook/1914.htm",Beginning Readers
"/media/Dados/bases/SWDE/book/book-christianbook/0013.htm",Media Type
"/media/Dados/bases/SWDE/book/book-christianbook/0478.htm",Publisher
"/media/Dados/bases/SWDE/book/book-christianbook/0964.htm",Series
"/media/Dados/bases/SWDE/book/book-christianbook/0419.htm",Series
"/media/Dados/bases/SWDE/book/book-christianbook/1272.htm",Price
"/media/Dados/bases/SWDE/book/book-christianbook/0079.htm",Seasonal Studies
"/media/Dados/bases/SWDE/book/book-christianbook/1707.htm",Series
"/media/Dados/bases/SWDE/book/book-christianbook/1282.htm",Author / Artist
"/media/Dados/bases/SWDE/book/book-christianbook/0163.htm",Series
"/media/Dados/bases/SWDE/book/book-christianbook/1778.htm",Price
"/media/Dados/bases/SWDE/book/book-christianbook/0274.htm",Lord of the Rings
"/media/Dados/bases/SWDE/book/book-christianbook/1869.htm",Media Type
"/media/Dados/bases/SWDE/book/book-christianbook/1504.htm",Series
"/media/Dados/bases/SWDE/book/book-christianbook/1217.htm",Media Type
"/media/Dados/bases/SWDE/book/book-christianbook/1487.htm",Illness
"/media/Dados/bases/SWDE/book/book-christianbook/1782.htm",Author / Artist
"/media/Dados/bases/SWDE/book/book-christianbook/1040.htm",Price
"/media/Dados/bases/SWDE/book/book-christianbook/0818.htm",VeggieTales Characters
"/media/Dados/bases/SWDE/book/book-christianbook/0754.htm",Price
"/media/Dados/bases/SWDE/book/book-christianbook/1721.htm",Author / Artist
"/media/Dados/bases/SWDE/book/book-christianbook/0322.htm",VeggieTales Characters
"/media/Dados/bases/SWDE/book/book-christianbook/1180.htm",Youth Sermons
"/media/Dados/bases/SWDE/book/book-christianbook/0455.htm",Media Type
"/media/Dados/bases/SWDE/book/book-christianbook/0974.htm",Author / Artist
"/media/Dados/bases/SWDE/book/book-christianbook/0611.htm",Publisher
"/media/Dados/bases/SWDE/book/book-christianbook/1836.htm",Jewish Theology
"/media/Dados/bases/SWDE/book/book-christianbook/1572.htm",Media Type
"/media/Dados/bases/SWDE/book/book-christianbook/1176.htm",Guides & Workbooks
"/media/Dados/bases/SWDE/book/book-christianbook/1987.htm",Top Rated
"/media/Dados/bases/SWDE/book/book-christianbook/0727.htm",Scientific
"/media/Dados/bases/SWDE/book/book-christianbook/0939.htm",Top Rated
"/media/Dados/bases/SWDE/book/book-christianbook/1616.htm",Audience
"/media/Dados/bases/SWDE/book/book-christianbook/1729.htm",Media Type
"/media/Dados/bases/SWDE/book/book-christianbook/0856.htm",Guides & Workbooks
"/media/Dados/bases/SWDE/book/book-christianbook/0324.htm",Price
"/media/Dados/bases/SWDE/book/book-christianbook/1340.htm",Publisher
"/media/Dados/bases/SWDE/book/book-christianbook/0570.htm",Top Rated
"/media/Dados/bases/SWDE/book/book-christianbook/1434.htm",Puritan Theology
"/media/Dados/bases/SWDE/book/book-christianbook/0424.htm",Media Type
"/media/Dados/bases/SWDE/book/book-christianbook/1597.htm",Media Type
"/media/Dados/bases/SWDE/book/book-christianbook/1690.htm",Publisher
"/media/Dados/bases/SWDE/book/book-christianbook/0453.htm",Price
"/media/Dados/bases/SWDE/book/book-christianbook/0494.htm",Series
"/media/Dados/bases/SWDE/book/book-christianbook/0870.htm",Top Rated
"/media/Dados/bases/SWDE/book/book-christianbook/1677.htm",Price
"/media/Dados/bases/SWDE/book/book-christianbook/0302.htm",Author / Artist
"/media/Dados/bases/SWDE/book/book-christianbook/0896.htm",Fear
"/media/Dados/bases/SWDE/book/book-christianbook/1252.htm",Media Type
"/media/Dados/bases/SWDE/book/book-christianbook/0406.htm",Series
"/media/Dados/bases/SWDE/book/book-christianbook/0023.htm",Series
"/media/Dados/bases/SWDE/book/book-christianbook/1437.htm",Author / Artist
"/media/Dados/bases/SWDE/book/book-christianbook/0866.htm",Author / Artist
"/media/Dados/bases/SWDE/book/book-christianbook/0657.htm",Publisher
"/media/Dados/bases/SWDE/book/book-christianbook/0364.htm",Series
"/media/Dados/bases/SWDE/book/book-christianbook/0892.htm",Publisher
"/media/Dados/bases/SWDE/book/book-christianbook/1989.htm",Media Type
"/media/Dados/bases/SWDE/book/book-christianbook/0912.htm",VeggieTales Characters
"/media/Dados/bases/SWDE/book/book-christianbook/0368.htm",Series
"/media/Dados/bases/SWDE/book/book-christianbook/0271.htm",Media Type
"/media/Dados/bases/SWDE/book/book-christianbook/0582.htm",Publisher
"/media/Dados/bases/SWDE/book/book-christianbook/1324.htm",Media Type
"/media/Dados/bases/SWDE/book/book-christianbook/1168.htm",Top Rated
"/media/Dados/bases/SWDE/book/book-christianbook/1693.htm",Guides & Workbooks
"/media/Dados/bases/SWDE/book/book-christianbook/1580.htm",VeggieTales Characters
"/media/Dados/bases/SWDE/book/book-christianbook/1785.htm",Publisher
"/media/Dados/bases/SWDE/book/book-christianbook/0497.htm",Publisher
"/media/Dados/bases/SWDE/book/book-christianbook/0686.htm",General
"/media/Dados/bases/SWDE/book/book-christianbook/0420.htm",Media Type
"/media/Dados/bases/SWDE/book/book-christianbook/0278.htm",Series
"/media/Dados/bases/SWDE/book/book-christianbook/0815.htm",Series
"/media/Dados/bases/SWDE/book/book-christianbook/0524.htm",Price
"/media/Dados/bases/SWDE/book/book-christianbook/1763.htm",Old Testament Theology
"/media/Dados/bases/SWDE/book/book-christianbook/0299.htm",Series
"/media/Dados/bases/SWDE/book/book-christianbook/0847.htm",Price
"/media/Dados/bases/SWDE/book/book-christianbook/0893.htm",Guides & Workbooks
"/media/Dados/bases/SWDE/book/book-christianbook/1582.htm",VeggieTales Characters
"/media/Dados/bases/SWDE/book/book-christianbook/0210.htm",VeggieTales Characters
"/media/Dados/bases/SWDE/book/book-christianbook/1181.htm",Guides & Workbooks
"/media/Dados/bases/SWDE/book/book-christianbook/0772.htm",Price
"/media/Dados/bases/SWDE/book/book-christianbook/1697.htm",Discount
"/media/Dados/bases/SWDE/book/book-christianbook/1581.htm",Series
"/media/Dados/bases/SWDE/book/book-christianbook/1925.htm",Discount
"/media/Dados/bases/SWDE/book/book-christianbook/0707.htm",Price
"/media/Dados/bases/SWDE/book/book-christianbook/1969.htm",Price
"/media/Dados/bases/SWDE/book/book-christianbook/1075.htm",Guides & Workbooks
"/media/Dados/bases/SWDE/book/book-christianbook/1260.htm",Author / Artist
"/media/Dados/bases/SWDE/book/book-christianbook/1787.htm",Series
"/media/Dados/bases/SWDE/book/book-christianbook/1493.htm",Price
"/media/Dados/bases/SWDE/book/book-christianbook/1929.htm",Author / Artist
"/media/Dados/bases/SWDE/book/book-christianbook/1462.htm",Media Type
"/media/Dados/bases/SWDE/book/book-christianbook/0294.htm",Author / Artist
"/media/Dados/bases/SWDE/book/book-christianbook/1844.htm",Series
"/media/Dados/bases/SWDE/book/book-christianbook/0569.htm",Series
"/media/Dados/bases/SWDE/book/book-christianbook/1759.htm",Media Type
"/media/Dados/bases/SWDE/book/book-christianbook/1717.htm",Price
"/media/Dados/bases/SWDE/book/book-christianbook/0341.htm",Number of Lessons
"/media/Dados/bases/SWDE/book/book-christianbook/1037.htm",Author / Artist
"/media/Dados/bases/SWDE/book/book-christianbook/0200.htm",Author / Artist
"/media/Dados/bases/SWDE/book/book-christianbook/1233.htm",Author / Artist
"/media/Dados/bases/SWDE/book/book-christianbook/1903.htm",Series
"/media/Dados/bases/SWDE/book/book-christianbook/1682.htm",Author / Artist
"/media/Dados/bases/SWDE/book/book-christianbook/0668.htm",Media Type
"/media/Dados/bases/SWDE/book/book-christianbook/1112.htm",Author / Artist
"/media/Dados/bases/SWDE/book/book-christianbook/1310.htm",VeggieTales Characters
"/media/Dados/bases/SWDE/book/book-christianbook/0310.htm",Author / Artist
"/media/Dados/bases/SWDE/book/book-christianbook/1924.htm",Media Type
"/media/Dados/bases/SWDE/book/book-christianbook/0625.htm",Difficulty
"/media/Dados/bases/SWDE/book/book-christianbook/0386.htm",Price
"/media/Dados/bases/SWDE/book/book-christianbook/0601.htm",Price
"/media/Dados/bases/SWDE/book/book-christianbook/1270.htm",Price
"/media/Dados/bases/SWDE/book/book-christianbook/1988.htm",Media Type
"/media/Dados/bases/SWDE/book/book-christianbook/1802.htm",Guides & Workbooks
"/media/Dados/bases/SWDE/book/book-christianbook/1360.htm",Seasonal Studies
"/media/Dados/bases/SWDE/book/book-christianbook/1913.htm",Author / Artist
"/media/Dados/bases/SWDE/book/book-christianbook/1550.htm",Author / Artist
"/media/Dados/bases/SWDE/book/book-christianbook/1507.htm",Publisher
"/media/Dados/bases/SWDE/book/book-christianbook/0099.htm",Series
"/media/Dados/bases/SWDE/book/book-christianbook/1818.htm",Number of Lessons
"/media/Dados/bases/SWDE/book/book-christianbook/0658.htm",Price
"/media/Dados/bases/SWDE/book/book-christianbook/0538.htm",Publisher
"/media/Dados/bases/SWDE/book/book-christianbook/1348.htm",Series
"/media/Dados/bases/SWDE/book/book-christianbook/1728.htm",Series
"/media/Dados/bases/SWDE/book/book-christianbook/0663.htm",Guides & Workbooks
"/media/Dados/bases/SWDE/book/book-christianbook/1865.htm",People
"/media/Dados/bases/SWDE/book/book-christianbook/1072.htm",Price
"/media/Dados/bases/SWDE/book/book-christianbook/0820.htm",Media Type
"/media/Dados/bases/SWDE/book/book-christianbook/1444.htm",Price
"/media/Dados/bases/SWDE/book/book-christianbook/0869.htm",Price
"/media/Dados/bases/SWDE/book/book-christianbook/1321.htm",High Blood Pressure
"/media/Dados/bases/SWDE/book/book-christianbook/0379.htm",Media Type
"/media/Dados/bases/SWDE/book/book-christianbook/0168.htm",Media Type
"/media/Dados/bases/SWDE/book/book-christianbook/1488.htm",Media Type
"/media/Dados/bases/SWDE/book/book-christianbook/0448.htm",Guides & Workbooks
"/media/Dados/bases/SWDE/book/book-christianbook/0638.htm",Series
"/media/Dados/bases/SWDE/book/book-christianbook/1411.htm",Guides & Workbooks
"/media/Dados/bases/SWDE/book/book-christianbook/1290.htm",Guides & Workbooks
"/media/Dados/bases/SWDE/book/book-christianbook/0961.htm",Blended Family
"/media/Dados/bases/SWDE/book/book-christianbook/1016.htm",Media Type
"/media/Dados/bases/SWDE/book/book-christianbook/1041.htm",Author / Artist
"/media/Dados/bases/SWDE/book/book-christianbook/0750.htm",Top Rated
"/media/Dados/bases/SWDE/book/book-christianbook/0157.htm",Media Type
"/media/Dados/bases/SWDE/book/book-christianbook/1090.htm",Guides & Workbooks
"/media/Dados/bases/SWDE/book/book-christianbook/1840.htm",Price
"/media/Dados/bases/SWDE/book/book-christianbook/0165.htm",Media Type
"/media/Dados/bases/SWDE/book/book-christianbook/1990.htm",Media Type
"/media/Dados/bases/SWDE/book/book-christianbook/0136.htm",Media Type
"/media/Dados/bases/SWDE/book/book-christianbook/1821.htm",Media Type
"/media/Dados/bases/SWDE/book/book-christianbook/1805.htm",Guides & Workbooks
"/media/Dados/bases/SWDE/book/book-christianbook/1226.htm",Price
"/media/Dados/bases/SWDE/book/book-christianbook/0863.htm",Price
"/media/Dados/bases/SWDE/book/book-christianbook/0287.htm",Author / Artist
"/media/Dados/bases/SWDE/book/book-christianbook/1435.htm",Price
"/media/Dados/bases/SWDE/book/book-christianbook/1605.htm",Publisher
"/media/Dados/bases/SWDE/book/book-christianbook/1884.htm",Author / Artist
"/media/Dados/bases/SWDE/book/book-christianbook/0292.htm",General
"/media/Dados/bases/SWDE/book/book-christianbook/0384.htm",Series
"/media/Dados/bases/SWDE/book/book-christianbook/1078.htm",Media Type
"/media/Dados/bases/SWDE/book/book-christianbook/0812.htm",Publisher
"/media/Dados/bases/SWDE/book/book-christianbook/1285.htm",Author / Artist
"/media/Dados/bases/SWDE/book/book-christianbook/0549.htm",Author / Artist
"/media/Dados/bases/SWDE/book/book-christianbook/0311.htm",VeggieTales Characters
"/media/Dados/bases/SWDE/book/book-christianbook/0725.htm",Price
"/media/Dados/bases/SWDE/book/book-christianbook/1393.htm",Author / Artist
"/media/Dados/bases/SWDE/book/book-christianbook/0901.htm",Guides & Workbooks
"/media/Dados/bases/SWDE/book/book-christianbook/1888.htm",Price
"/media/Dados/bases/SWDE/book/book-christianbook/1482.htm",VeggieTales Characters
"/media/Dados/bases/SWDE/book/book-christianbook/0514.htm",Media Type
"/media/Dados/bases/SWDE/book/book-christianbook/0826.htm",Guides & Workbooks
"/media/Dados/bases/SWDE/book/book-christianbook/1927.htm",Discount
"/media/Dados/bases/SWDE/book/book-christianbook/0325.htm",Discount
"/media/Dados/bases/SWDE/book/book-christianbook/1364.htm",Top Rated
"/media/Dados/bases/SWDE/book/book-christianbook/1657.htm",Reina-Valera(RVR)
"/media/Dados/bases/SWDE/book/book-christianbook/1249.htm",Media Type
"/media/Dados/bases/SWDE/book/book-christianbook/1849.htm",Price
"/media/Dados/bases/SWDE/book/book-christianbook/0905.htm",Media Type
"/media/Dados/bases/SWDE/book/book-christianbook/1734.htm",Price
"/media/Dados/bases/SWDE/book/book-christianbook/1335.htm",Fear
"/media/Dados/bases/SWDE/book/book-christianbook/1531.htm",Price
"/media/Dados/bases/SWDE/book/book-christianbook/1794.htm",Top Rated
"/media/Dados/bases/SWDE/book/book-christianbook/0722.htm",Series
"/media/Dados/bases/SWDE/book/book-christianbook/0548.htm",Price
"/media/Dados/bases/SWDE/book/book-christianbook/1606.htm",Media Type
"/media/Dados/bases/SWDE/book/book-christianbook/0452.htm",Price
"/media/Dados/bases/SWDE/book/book-christianbook/0522.htm",Author / Artist
"/media/Dados/bases/SWDE/book/book-christianbook/0753.htm",Price
"/media/Dados/bases/SWDE/book/book-christianbook/1381.htm",Author / Artist
"/media/Dados/bases/SWDE/book/book-christianbook/0781.htm",Series
"/media/Dados/bases/SWDE/book/book-christianbook/0004.htm",Media Type
"/media/Dados/bases/SWDE/book/book-christianbook/1552.htm",Media Type
"/media/Dados/bases/SWDE/book/book-christianbook/0886.htm",Guides & Workbooks
"/media/Dados/bases/SWDE/book/book-christianbook/0460.htm",Top Rated
"/media/Dados/bases/SWDE/book/book-christianbook/1630.htm",Publisher
"/media/Dados/bases/SWDE/book/book-christianbook/0530.htm",Guides & Workbooks
"/media/Dados/bases/SWDE/book/book-christianbook/1337.htm",Media Type
"/media/Dados/bases/SWDE/book/book-christianbook/1846.htm",Media Type
"/media/Dados/bases/SWDE/book/book-christianbook/1804.htm",Guides & Workbooks
"/media/Dados/bases/SWDE/book/book-christianbook/0865.htm",Spirituality
"/media/Dados/bases/SWDE/book/book-christianbook/1498.htm",Guides & Workbooks
"/media/Dados/bases/SWDE/book/book-christianbook/1028.htm",Media Type
"/media/Dados/bases/SWDE/book/book-christianbook/0637.htm",Series
"/media/Dados/bases/SWDE/book/book-christianbook/0139.htm",Top Rated
"/media/Dados/bases/SWDE/book/book-christianbook/0755.htm",Guides & Workbooks
"/media/Dados/bases/SWDE/book/book-christianbook/0589.htm",Year
"/media/Dados/bases/SWDE/book/book-christianbook/0430.htm",Guides & Workbooks
"/media/Dados/bases/SWDE/book/book-christianbook/1157.htm",Guides & Workbooks
"/media/Dados/bases/SWDE/book/book-christianbook/0871.htm",Publisher
"/media/Dados/bases/SWDE/book/book-christianbook/0094.htm",Series
"/media/Dados/bases/SWDE/book/book-christianbook/1521.htm",Illness
"/media/Dados/bases/SWDE/book/book-christianbook/1125.htm",Publisher
"/media/Dados/bases/SWDE/book/book-christianbook/1771.htm",Price
"/media/Dados/bases/SWDE/book/book-christianbook/0010.htm",Price
"/media/Dados/bases/SWDE/book/book-christianbook/0712.htm",Guides & Workbooks
"/media/Dados/bases/SWDE/book/book-christianbook/1814.htm",Media Type
"/media/Dados/bases/SWDE/book/book-christianbook/1156.htm",Media Type
"/media/Dados/bases/SWDE/book/book-christianbook/0971.htm",Publisher
"/media/Dados/bases/SWDE/book/book-christianbook/1810.htm",Publisher
"/media/Dados/bases/SWDE/book/book-christianbook/1539.htm",Binding
"/media/Dados/bases/SWDE/book/book-christianbook/1777.htm",Top Rated
"/media/Dados/bases/SWDE/book/book-christianbook/0607.htm",Top Rated
"/media/Dados/bases/SWDE/book/book-christianbook/0152.htm",Media Type
"/media/Dados/bases/SWDE/book/book-christianbook/1984.htm",Media Type
"/media/Dados/bases/SWDE/book/book-christianbook/0793.htm",Media Type
"/media/Dados/bases/SWDE/book/book-christianbook/1097.htm",Price
"/media/Dados/bases/SWDE/book/book-christianbook/1213.htm",Illness
"/media/Dados/bases/SWDE/book/book-christianbook/1442.htm",Series
"/media/Dados/bases/SWDE/book/book-christianbook/0068.htm",Price
"/media/Dados/bases/SWDE/book/book-christianbook/1202.htm",Media Type
"/media/Dados/bases/SWDE/book/book-christianbook/1042.htm",Reina-Valera(RVR)
"/media/Dados/bases/SWDE/book/book-christianbook/1713.htm",Price
"/media/Dados/bases/SWDE/book/book-christianbook/0239.htm",Series
"/media/Dados/bases/SWDE/book/book-christianbook/1144.htm",Top Rated
"/media/Dados/bases/SWDE/book/book-christianbook/1827.htm",Publisher
"/media/Dados/bases/SWDE/book/book-christianbook/0513.htm",Paganism / Neopaganism
"/media/Dados/bases/SWDE/book/book-christianbook/0682.htm",Author / Artist
"/media/Dados/bases/SWDE/book/book-christianbook/0078.htm",Series
"/media/Dados/bases/SWDE/book/book-christianbook/0086.htm",Price
"/media/Dados/bases/SWDE/book/book-christianbook/1095.htm",Publisher
"/media/Dados/bases/SWDE/book/book-christianbook/0143.htm",Guides & Workbooks
