URL,EXTRACTED VALUE
"/media/Dados/bases/SWDE/book/book-deepdiscount/0937.htm",Publisher:
"/media/Dados/bases/SWDE/book/book-deepdiscount/0920.htm",Publisher:
"/media/Dados/bases/SWDE/book/book-deepdiscount/0105.htm",Publisher:
"/media/Dados/bases/SWDE/book/book-deepdiscount/0412.htm",Illustrator:
"/media/Dados/bases/SWDE/book/book-deepdiscount/0106.htm",Publisher:
"/media/Dados/bases/SWDE/book/book-deepdiscount/0965.htm",Publisher:
"/media/Dados/bases/SWDE/book/book-deepdiscount/0866.htm",Publisher:
"/media/Dados/bases/SWDE/book/book-deepdiscount/0992.htm",Illustrator:
"/media/Dados/bases/SWDE/book/book-deepdiscount/0339.htm",Publisher:
"/media/Dados/bases/SWDE/book/book-deepdiscount/1103.htm",Publisher:
"/media/Dados/bases/SWDE/book/book-deepdiscount/1063.htm",Publisher:
"/media/Dados/bases/SWDE/book/book-deepdiscount/1441.htm",Publisher:
"/media/Dados/bases/SWDE/book/book-deepdiscount/0501.htm",Publisher:
"/media/Dados/bases/SWDE/book/book-deepdiscount/0103.htm",Awards:
"/media/Dados/bases/SWDE/book/book-deepdiscount/1623.htm",Publisher:
"/media/Dados/bases/SWDE/book/book-deepdiscount/0459.htm",Publisher:
"/media/Dados/bases/SWDE/book/book-deepdiscount/1372.htm",Publisher:
"/media/Dados/bases/SWDE/book/book-deepdiscount/1409.htm",Publisher:
"/media/Dados/bases/SWDE/book/book-deepdiscount/0195.htm",Publisher:
"/media/Dados/bases/SWDE/book/book-deepdiscount/1216.htm",Publisher:
"/media/Dados/bases/SWDE/book/book-deepdiscount/0504.htm",Publisher:
"/media/Dados/bases/SWDE/book/book-deepdiscount/1733.htm",Publisher:
"/media/Dados/bases/SWDE/book/book-deepdiscount/0618.htm",Publisher:
"/media/Dados/bases/SWDE/book/book-deepdiscount/0568.htm",Publisher:
"/media/Dados/bases/SWDE/book/book-deepdiscount/0093.htm",Publisher:
"/media/Dados/bases/SWDE/book/book-deepdiscount/0108.htm",Publisher:
"/media/Dados/bases/SWDE/book/book-deepdiscount/1743.htm",Publisher:
"/media/Dados/bases/SWDE/book/book-deepdiscount/1197.htm",Publisher:
"/media/Dados/bases/SWDE/book/book-deepdiscount/0574.htm",Illustrator:
"/media/Dados/bases/SWDE/book/book-deepdiscount/0922.htm",Publisher:
"/media/Dados/bases/SWDE/book/book-deepdiscount/0107.htm",Publisher:
"/media/Dados/bases/SWDE/book/book-deepdiscount/0290.htm",Publisher:
"/media/Dados/bases/SWDE/book/book-deepdiscount/1688.htm",Publisher:
"/media/Dados/bases/SWDE/book/book-deepdiscount/0351.htm",Publisher:
"/media/Dados/bases/SWDE/book/book-deepdiscount/0917.htm",Publisher:
"/media/Dados/bases/SWDE/book/book-deepdiscount/0581.htm",Publisher:
"/media/Dados/bases/SWDE/book/book-deepdiscount/1652.htm",Illustrator:
"/media/Dados/bases/SWDE/book/book-deepdiscount/0809.htm",Publisher:
"/media/Dados/bases/SWDE/book/book-deepdiscount/0879.htm",Publisher:
"/media/Dados/bases/SWDE/book/book-deepdiscount/1822.htm",Illustrator:
"/media/Dados/bases/SWDE/book/book-deepdiscount/1780.htm",Publisher:
"/media/Dados/bases/SWDE/book/book-deepdiscount/0125.htm",Publisher:
"/media/Dados/bases/SWDE/book/book-deepdiscount/0028.htm",Publisher:
"/media/Dados/bases/SWDE/book/book-deepdiscount/0253.htm",Publisher:
"/media/Dados/bases/SWDE/book/book-deepdiscount/0490.htm",Illustrator:
"/media/Dados/bases/SWDE/book/book-deepdiscount/1160.htm",Publisher:
"/media/Dados/bases/SWDE/book/book-deepdiscount/0440.htm",Publisher:
"/media/Dados/bases/SWDE/book/book-deepdiscount/0415.htm",Publisher:
"/media/Dados/bases/SWDE/book/book-deepdiscount/0257.htm",Publisher:
"/media/Dados/bases/SWDE/book/book-deepdiscount/0287.htm",Publisher:
"/media/Dados/bases/SWDE/book/book-deepdiscount/0712.htm",Illustrator:
"/media/Dados/bases/SWDE/book/book-deepdiscount/1236.htm",Publisher:
"/media/Dados/bases/SWDE/book/book-deepdiscount/0587.htm",Publisher:
"/media/Dados/bases/SWDE/book/book-deepdiscount/1475.htm",Publisher:
"/media/Dados/bases/SWDE/book/book-deepdiscount/0746.htm",Illustrator:
"/media/Dados/bases/SWDE/book/book-deepdiscount/1894.htm",Illustrator:
"/media/Dados/bases/SWDE/book/book-deepdiscount/1644.htm",Publisher:
"/media/Dados/bases/SWDE/book/book-deepdiscount/0187.htm",Publisher:
"/media/Dados/bases/SWDE/book/book-deepdiscount/0420.htm",Publisher:
"/media/Dados/bases/SWDE/book/book-deepdiscount/0345.htm",Publisher:
"/media/Dados/bases/SWDE/book/book-deepdiscount/0757.htm",Publisher:
"/media/Dados/bases/SWDE/book/book-deepdiscount/0429.htm",Illustrator:
"/media/Dados/bases/SWDE/book/book-deepdiscount/0690.htm",Publisher:
"/media/Dados/bases/SWDE/book/book-deepdiscount/1683.htm",Publisher:
"/media/Dados/bases/SWDE/book/book-deepdiscount/1635.htm",Publisher:
"/media/Dados/bases/SWDE/book/book-deepdiscount/1033.htm",Illustrator:
"/media/Dados/bases/SWDE/book/book-deepdiscount/0134.htm",Illustrator:
"/media/Dados/bases/SWDE/book/book-deepdiscount/0381.htm",Publisher:
"/media/Dados/bases/SWDE/book/book-deepdiscount/0067.htm",Publisher:
"/media/Dados/bases/SWDE/book/book-deepdiscount/0122.htm",Publisher:
"/media/Dados/bases/SWDE/book/book-deepdiscount/0545.htm",Illustrator:
"/media/Dados/bases/SWDE/book/book-deepdiscount/1756.htm",Publisher:
"/media/Dados/bases/SWDE/book/book-deepdiscount/0803.htm",Publisher:
"/media/Dados/bases/SWDE/book/book-deepdiscount/0334.htm",Publisher:
"/media/Dados/bases/SWDE/book/book-deepdiscount/1451.htm",Publisher:
"/media/Dados/bases/SWDE/book/book-deepdiscount/1018.htm",Publisher:
"/media/Dados/bases/SWDE/book/book-deepdiscount/1006.htm",Publisher:
"/media/Dados/bases/SWDE/book/book-deepdiscount/1629.htm",Publisher:
"/media/Dados/bases/SWDE/book/book-deepdiscount/1577.htm",Publisher:
"/media/Dados/bases/SWDE/book/book-deepdiscount/1178.htm",Publisher:
"/media/Dados/bases/SWDE/book/book-deepdiscount/1086.htm",Publisher:
"/media/Dados/bases/SWDE/book/book-deepdiscount/0375.htm",Publisher:
"/media/Dados/bases/SWDE/book/book-deepdiscount/1349.htm",Publisher:
"/media/Dados/bases/SWDE/book/book-deepdiscount/0073.htm",Publisher:
"/media/Dados/bases/SWDE/book/book-deepdiscount/0777.htm",Publisher:
"/media/Dados/bases/SWDE/book/book-deepdiscount/0164.htm",Publisher:
"/media/Dados/bases/SWDE/book/book-deepdiscount/0514.htm",Publisher:
"/media/Dados/bases/SWDE/book/book-deepdiscount/0315.htm",Publisher:
"/media/Dados/bases/SWDE/book/book-deepdiscount/1146.htm",Publisher:
"/media/Dados/bases/SWDE/book/book-deepdiscount/1229.htm",Publisher:
"/media/Dados/bases/SWDE/book/book-deepdiscount/1412.htm",Publisher:
"/media/Dados/bases/SWDE/book/book-deepdiscount/1970.htm",Publisher:
"/media/Dados/bases/SWDE/book/book-deepdiscount/0117.htm",Publisher:
"/media/Dados/bases/SWDE/book/book-deepdiscount/1212.htm",Publisher:
"/media/Dados/bases/SWDE/book/book-deepdiscount/1727.htm",Publisher:
"/media/Dados/bases/SWDE/book/book-deepdiscount/0648.htm",Publisher:
"/media/Dados/bases/SWDE/book/book-deepdiscount/0630.htm",Publisher:
"/media/Dados/bases/SWDE/book/book-deepdiscount/0373.htm",Illustrator:
"/media/Dados/bases/SWDE/book/book-deepdiscount/1078.htm",Publisher:
"/media/Dados/bases/SWDE/book/book-deepdiscount/0629.htm",Publisher:
"/media/Dados/bases/SWDE/book/book-deepdiscount/1185.htm",Publisher:
"/media/Dados/bases/SWDE/book/book-deepdiscount/0995.htm",Awards:
"/media/Dados/bases/SWDE/book/book-deepdiscount/0071.htm",Illustrator:
"/media/Dados/bases/SWDE/book/book-deepdiscount/0302.htm",Publisher:
"/media/Dados/bases/SWDE/book/book-deepdiscount/1976.htm",Publisher:
"/media/Dados/bases/SWDE/book/book-deepdiscount/1686.htm",Illustrator:
"/media/Dados/bases/SWDE/book/book-deepdiscount/0637.htm",Publisher:
"/media/Dados/bases/SWDE/book/book-deepdiscount/0693.htm",Illustrator:
"/media/Dados/bases/SWDE/book/book-deepdiscount/0916.htm",Publisher:
"/media/Dados/bases/SWDE/book/book-deepdiscount/1910.htm",Publisher:
"/media/Dados/bases/SWDE/book/book-deepdiscount/1773.htm",Publisher:
"/media/Dados/bases/SWDE/book/book-deepdiscount/0932.htm",Publisher:
"/media/Dados/bases/SWDE/book/book-deepdiscount/1147.htm",Publisher:
"/media/Dados/bases/SWDE/book/book-deepdiscount/0449.htm",Publisher:
"/media/Dados/bases/SWDE/book/book-deepdiscount/1814.htm",Publisher:
"/media/Dados/bases/SWDE/book/book-deepdiscount/0379.htm",Publisher:
"/media/Dados/bases/SWDE/book/book-deepdiscount/1386.htm",Publisher:
"/media/Dados/bases/SWDE/book/book-deepdiscount/0074.htm",Illustrator:
"/media/Dados/bases/SWDE/book/book-deepdiscount/1128.htm",Publisher:
"/media/Dados/bases/SWDE/book/book-deepdiscount/1871.htm",Illustrator:
"/media/Dados/bases/SWDE/book/book-deepdiscount/0031.htm",Publisher:
"/media/Dados/bases/SWDE/book/book-deepdiscount/0388.htm",Publisher:
"/media/Dados/bases/SWDE/book/book-deepdiscount/1625.htm",Publisher:
"/media/Dados/bases/SWDE/book/book-deepdiscount/0391.htm",Publisher:
"/media/Dados/bases/SWDE/book/book-deepdiscount/0936.htm",Publisher:
"/media/Dados/bases/SWDE/book/book-deepdiscount/0858.htm",Publisher:
"/media/Dados/bases/SWDE/book/book-deepdiscount/0274.htm",Publisher:
"/media/Dados/bases/SWDE/book/book-deepdiscount/0347.htm",Publisher:
"/media/Dados/bases/SWDE/book/book-deepdiscount/1346.htm",Publisher:
"/media/Dados/bases/SWDE/book/book-deepdiscount/1438.htm",Illustrator:
"/media/Dados/bases/SWDE/book/book-deepdiscount/1002.htm",Publisher:
"/media/Dados/bases/SWDE/book/book-deepdiscount/0372.htm",Illustrator:
"/media/Dados/bases/SWDE/book/book-deepdiscount/1036.htm",Publisher:
"/media/Dados/bases/SWDE/book/book-deepdiscount/1325.htm",Illustrator:
"/media/Dados/bases/SWDE/book/book-deepdiscount/1867.htm",Publisher:
"/media/Dados/bases/SWDE/book/book-deepdiscount/1344.htm",Publisher:
"/media/Dados/bases/SWDE/book/book-deepdiscount/1568.htm",Publisher:
"/media/Dados/bases/SWDE/book/book-deepdiscount/0838.htm",Publisher:
"/media/Dados/bases/SWDE/book/book-deepdiscount/1250.htm",Publisher:
"/media/Dados/bases/SWDE/book/book-deepdiscount/1082.htm",Illustrator:
"/media/Dados/bases/SWDE/book/book-deepdiscount/0911.htm",Publisher:
"/media/Dados/bases/SWDE/book/book-deepdiscount/1328.htm",Publisher:
"/media/Dados/bases/SWDE/book/book-deepdiscount/1960.htm",Publisher:
"/media/Dados/bases/SWDE/book/book-deepdiscount/1665.htm",Publisher:
"/media/Dados/bases/SWDE/book/book-deepdiscount/0228.htm",Publisher:
"/media/Dados/bases/SWDE/book/book-deepdiscount/1156.htm",Publisher:
"/media/Dados/bases/SWDE/book/book-deepdiscount/1728.htm",Publisher:
"/media/Dados/bases/SWDE/book/book-deepdiscount/1801.htm",Publisher:
"/media/Dados/bases/SWDE/book/book-deepdiscount/0494.htm",Publisher:
"/media/Dados/bases/SWDE/book/book-deepdiscount/1607.htm",Publisher:
"/media/Dados/bases/SWDE/book/book-deepdiscount/0083.htm",Publisher:
"/media/Dados/bases/SWDE/book/book-deepdiscount/0867.htm",Publisher:
"/media/Dados/bases/SWDE/book/book-deepdiscount/1237.htm",Publisher:
"/media/Dados/bases/SWDE/book/book-deepdiscount/1453.htm",Publisher:
"/media/Dados/bases/SWDE/book/book-deepdiscount/1583.htm",Publisher:
"/media/Dados/bases/SWDE/book/book-deepdiscount/0558.htm",Illustrator:
"/media/Dados/bases/SWDE/book/book-deepdiscount/1253.htm",Publisher:
"/media/Dados/bases/SWDE/book/book-deepdiscount/0120.htm",Publisher:
"/media/Dados/bases/SWDE/book/book-deepdiscount/0158.htm",Illustrator:
"/media/Dados/bases/SWDE/book/book-deepdiscount/0534.htm",Publisher:
"/media/Dados/bases/SWDE/book/book-deepdiscount/0983.htm",Publisher:
"/media/Dados/bases/SWDE/book/book-deepdiscount/1520.htm",Publisher:
"/media/Dados/bases/SWDE/book/book-deepdiscount/0908.htm",Publisher:
"/media/Dados/bases/SWDE/book/book-deepdiscount/1211.htm",Publisher:
"/media/Dados/bases/SWDE/book/book-deepdiscount/0868.htm",Publisher:
"/media/Dados/bases/SWDE/book/book-deepdiscount/1546.htm",Publisher:
"/media/Dados/bases/SWDE/book/book-deepdiscount/0319.htm",Publisher:
"/media/Dados/bases/SWDE/book/book-deepdiscount/1090.htm",Publisher:
"/media/Dados/bases/SWDE/book/book-deepdiscount/1619.htm",Publisher:
"/media/Dados/bases/SWDE/book/book-deepdiscount/0872.htm",Publisher:
"/media/Dados/bases/SWDE/book/book-deepdiscount/0513.htm",Publisher:
"/media/Dados/bases/SWDE/book/book-deepdiscount/0761.htm",Publisher:
"/media/Dados/bases/SWDE/book/book-deepdiscount/0789.htm",Publisher:
"/media/Dados/bases/SWDE/book/book-deepdiscount/0941.htm",Publisher:
"/media/Dados/bases/SWDE/book/book-deepdiscount/1548.htm",Publisher:
"/media/Dados/bases/SWDE/book/book-deepdiscount/1816.htm",Publisher:
"/media/Dados/bases/SWDE/book/book-deepdiscount/1499.htm",Publisher:
"/media/Dados/bases/SWDE/book/book-deepdiscount/0252.htm",Publisher:
"/media/Dados/bases/SWDE/book/book-deepdiscount/1407.htm",Illustrator:
"/media/Dados/bases/SWDE/book/book-deepdiscount/1401.htm",Publisher:
"/media/Dados/bases/SWDE/book/book-deepdiscount/1542.htm",Publisher:
"/media/Dados/bases/SWDE/book/book-deepdiscount/0899.htm",Publisher:
"/media/Dados/bases/SWDE/book/book-deepdiscount/1716.htm",Illustrator:
"/media/Dados/bases/SWDE/book/book-deepdiscount/1581.htm",Illustrator:
"/media/Dados/bases/SWDE/book/book-deepdiscount/1110.htm",Publisher:
"/media/Dados/bases/SWDE/book/book-deepdiscount/1422.htm",Publisher:
"/media/Dados/bases/SWDE/book/book-deepdiscount/0430.htm",Publisher:
"/media/Dados/bases/SWDE/book/book-deepdiscount/0020.htm",Publisher:
"/media/Dados/bases/SWDE/book/book-deepdiscount/0070.htm",Publisher:
"/media/Dados/bases/SWDE/book/book-deepdiscount/1326.htm",Illustrator:
"/media/Dados/bases/SWDE/book/book-deepdiscount/1553.htm",Publisher:
"/media/Dados/bases/SWDE/book/book-deepdiscount/1136.htm",Publisher:
"/media/Dados/bases/SWDE/book/book-deepdiscount/1510.htm",Publisher:
"/media/Dados/bases/SWDE/book/book-deepdiscount/0015.htm",Publisher:
"/media/Dados/bases/SWDE/book/book-deepdiscount/0289.htm",Publisher:
"/media/Dados/bases/SWDE/book/book-deepdiscount/1496.htm",Publisher:
"/media/Dados/bases/SWDE/book/book-deepdiscount/0487.htm",Publisher:
"/media/Dados/bases/SWDE/book/book-deepdiscount/0663.htm",Publisher:
"/media/Dados/bases/SWDE/book/book-deepdiscount/0196.htm",Publisher:
"/media/Dados/bases/SWDE/book/book-deepdiscount/1618.htm",Publisher:
"/media/Dados/bases/SWDE/book/book-deepdiscount/0259.htm",Publisher:
"/media/Dados/bases/SWDE/book/book-deepdiscount/1322.htm",Publisher:
"/media/Dados/bases/SWDE/book/book-deepdiscount/0662.htm",Publisher:
"/media/Dados/bases/SWDE/book/book-deepdiscount/0869.htm",Publisher:
"/media/Dados/bases/SWDE/book/book-deepdiscount/0956.htm",Publisher:
"/media/Dados/bases/SWDE/book/book-deepdiscount/1584.htm",Publisher:
"/media/Dados/bases/SWDE/book/book-deepdiscount/1023.htm",Publisher:
"/media/Dados/bases/SWDE/book/book-deepdiscount/0265.htm",Publisher:
"/media/Dados/bases/SWDE/book/book-deepdiscount/0730.htm",Publisher:
"/media/Dados/bases/SWDE/book/book-deepdiscount/0377.htm",Illustrator:
"/media/Dados/bases/SWDE/book/book-deepdiscount/1915.htm",Publisher:
"/media/Dados/bases/SWDE/book/book-deepdiscount/1944.htm",Illustrator:
"/media/Dados/bases/SWDE/book/book-deepdiscount/1796.htm",Publisher:
"/media/Dados/bases/SWDE/book/book-deepdiscount/1999.htm",Illustrator:
"/media/Dados/bases/SWDE/book/book-deepdiscount/1767.htm",Publisher:
"/media/Dados/bases/SWDE/book/book-deepdiscount/0530.htm",Illustrator:
"/media/Dados/bases/SWDE/book/book-deepdiscount/0687.htm",Publisher:
"/media/Dados/bases/SWDE/book/book-deepdiscount/1988.htm",Publisher:
"/media/Dados/bases/SWDE/book/book-deepdiscount/1170.htm",Publisher:
"/media/Dados/bases/SWDE/book/book-deepdiscount/1523.htm",Publisher:
"/media/Dados/bases/SWDE/book/book-deepdiscount/0445.htm",Publisher:
"/media/Dados/bases/SWDE/book/book-deepdiscount/0891.htm",Publisher:
"/media/Dados/bases/SWDE/book/book-deepdiscount/1936.htm",Publisher:
"/media/Dados/bases/SWDE/book/book-deepdiscount/0394.htm",Publisher:
"/media/Dados/bases/SWDE/book/book-deepdiscount/0584.htm",Publisher:
"/media/Dados/bases/SWDE/book/book-deepdiscount/1077.htm",Publisher:
"/media/Dados/bases/SWDE/book/book-deepdiscount/1476.htm",Publisher:
"/media/Dados/bases/SWDE/book/book-deepdiscount/1595.htm",Publisher:
"/media/Dados/bases/SWDE/book/book-deepdiscount/0807.htm",Illustrator:
"/media/Dados/bases/SWDE/book/book-deepdiscount/1299.htm",Publisher:
"/media/Dados/bases/SWDE/book/book-deepdiscount/0768.htm",Publisher:
"/media/Dados/bases/SWDE/book/book-deepdiscount/1385.htm",Publisher:
"/media/Dados/bases/SWDE/book/book-deepdiscount/0684.htm",Publisher:
"/media/Dados/bases/SWDE/book/book-deepdiscount/0945.htm",Illustrator:
"/media/Dados/bases/SWDE/book/book-deepdiscount/0126.htm",Illustrator:
"/media/Dados/bases/SWDE/book/book-deepdiscount/0795.htm",Publisher:
"/media/Dados/bases/SWDE/book/book-deepdiscount/0657.htm",Illustrator:
"/media/Dados/bases/SWDE/book/book-deepdiscount/0428.htm",Publisher:
"/media/Dados/bases/SWDE/book/book-deepdiscount/1317.htm",Illustrator:
"/media/Dados/bases/SWDE/book/book-deepdiscount/1232.htm",Publisher:
"/media/Dados/bases/SWDE/book/book-deepdiscount/1203.htm",Publisher:
"/media/Dados/bases/SWDE/book/book-deepdiscount/0575.htm",Publisher:
"/media/Dados/bases/SWDE/book/book-deepdiscount/1965.htm",Publisher:
"/media/Dados/bases/SWDE/book/book-deepdiscount/0571.htm",Publisher:
"/media/Dados/bases/SWDE/book/book-deepdiscount/1887.htm",Publisher:
"/media/Dados/bases/SWDE/book/book-deepdiscount/0512.htm",Publisher:
"/media/Dados/bases/SWDE/book/book-deepdiscount/1134.htm",Publisher:
"/media/Dados/bases/SWDE/book/book-deepdiscount/1102.htm",Publisher:
"/media/Dados/bases/SWDE/book/book-deepdiscount/0433.htm",Illustrator:
"/media/Dados/bases/SWDE/book/book-deepdiscount/1545.htm",Publisher:
"/media/Dados/bases/SWDE/book/book-deepdiscount/0207.htm",Publisher:
"/media/Dados/bases/SWDE/book/book-deepdiscount/0529.htm",Publisher:
"/media/Dados/bases/SWDE/book/book-deepdiscount/0328.htm",Publisher:
"/media/Dados/bases/SWDE/book/book-deepdiscount/0113.htm",Publisher:
"/media/Dados/bases/SWDE/book/book-deepdiscount/0370.htm",Illustrator:
"/media/Dados/bases/SWDE/book/book-deepdiscount/0628.htm",Publisher:
"/media/Dados/bases/SWDE/book/book-deepdiscount/0719.htm",Publisher:
"/media/Dados/bases/SWDE/book/book-deepdiscount/1034.htm",Publisher:
"/media/Dados/bases/SWDE/book/book-deepdiscount/1857.htm",Publisher:
"/media/Dados/bases/SWDE/book/book-deepdiscount/0721.htm",Illustrator:
"/media/Dados/bases/SWDE/book/book-deepdiscount/1850.htm",Publisher:
"/media/Dados/bases/SWDE/book/book-deepdiscount/0037.htm",Publisher:
"/media/Dados/bases/SWDE/book/book-deepdiscount/0362.htm",Publisher:
"/media/Dados/bases/SWDE/book/book-deepdiscount/0900.htm",Publisher:
"/media/Dados/bases/SWDE/book/book-deepdiscount/1300.htm",Publisher:
"/media/Dados/bases/SWDE/book/book-deepdiscount/1891.htm",Publisher:
"/media/Dados/bases/SWDE/book/book-deepdiscount/0441.htm",Publisher:
"/media/Dados/bases/SWDE/book/book-deepdiscount/0715.htm",Publisher:
"/media/Dados/bases/SWDE/book/book-deepdiscount/0119.htm",Publisher:
"/media/Dados/bases/SWDE/book/book-deepdiscount/1175.htm",Publisher:
"/media/Dados/bases/SWDE/book/book-deepdiscount/0476.htm",Publisher:
"/media/Dados/bases/SWDE/book/book-deepdiscount/0422.htm",Publisher:
"/media/Dados/bases/SWDE/book/book-deepdiscount/0850.htm",Publisher:
"/media/Dados/bases/SWDE/book/book-deepdiscount/0483.htm",Publisher:
"/media/Dados/bases/SWDE/book/book-deepdiscount/0878.htm",Publisher:
"/media/Dados/bases/SWDE/book/book-deepdiscount/0216.htm",Publisher:
"/media/Dados/bases/SWDE/book/book-deepdiscount/0579.htm",Publisher:
"/media/Dados/bases/SWDE/book/book-deepdiscount/0596.htm",Illustrator:
"/media/Dados/bases/SWDE/book/book-deepdiscount/0477.htm",Publisher:
"/media/Dados/bases/SWDE/book/book-deepdiscount/1868.htm",Publisher:
"/media/Dados/bases/SWDE/book/book-deepdiscount/1948.htm",Publisher:
"/media/Dados/bases/SWDE/book/book-deepdiscount/1252.htm",Publisher:
"/media/Dados/bases/SWDE/book/book-deepdiscount/1557.htm",Publisher:
"/media/Dados/bases/SWDE/book/book-deepdiscount/1769.htm",Publisher:
"/media/Dados/bases/SWDE/book/book-deepdiscount/1276.htm",Publisher:
"/media/Dados/bases/SWDE/book/book-deepdiscount/1637.htm",Publisher:
"/media/Dados/bases/SWDE/book/book-deepdiscount/0802.htm",Publisher:
"/media/Dados/bases/SWDE/book/book-deepdiscount/0544.htm",Publisher:
"/media/Dados/bases/SWDE/book/book-deepdiscount/0077.htm",Publisher:
"/media/Dados/bases/SWDE/book/book-deepdiscount/1454.htm",Publisher:
"/media/Dados/bases/SWDE/book/book-deepdiscount/1214.htm",Illustrator:
"/media/Dados/bases/SWDE/book/book-deepdiscount/0200.htm",Publisher:
"/media/Dados/bases/SWDE/book/book-deepdiscount/1044.htm",Publisher:
"/media/Dados/bases/SWDE/book/book-deepdiscount/0203.htm",Publisher:
"/media/Dados/bases/SWDE/book/book-deepdiscount/0146.htm",Illustrator:
"/media/Dados/bases/SWDE/book/book-deepdiscount/0316.htm",Publisher:
"/media/Dados/bases/SWDE/book/book-deepdiscount/0634.htm",Publisher:
"/media/Dados/bases/SWDE/book/book-deepdiscount/1053.htm",Publisher:
"/media/Dados/bases/SWDE/book/book-deepdiscount/1482.htm",Publisher:
"/media/Dados/bases/SWDE/book/book-deepdiscount/0817.htm",Publisher:
"/media/Dados/bases/SWDE/book/book-deepdiscount/1818.htm",Publisher:
"/media/Dados/bases/SWDE/book/book-deepdiscount/1661.htm",Publisher:
"/media/Dados/bases/SWDE/book/book-deepdiscount/0953.htm",Publisher:
"/media/Dados/bases/SWDE/book/book-deepdiscount/1669.htm",Publisher:
"/media/Dados/bases/SWDE/book/book-deepdiscount/0049.htm",Publisher:
"/media/Dados/bases/SWDE/book/book-deepdiscount/1017.htm",Publisher:
"/media/Dados/bases/SWDE/book/book-deepdiscount/1263.htm",Illustrator:
"/media/Dados/bases/SWDE/book/book-deepdiscount/0330.htm",Publisher:
"/media/Dados/bases/SWDE/book/book-deepdiscount/1956.htm",Illustrator:
"/media/Dados/bases/SWDE/book/book-deepdiscount/1179.htm",Publisher:
"/media/Dados/bases/SWDE/book/book-deepdiscount/1153.htm",Publisher:
"/media/Dados/bases/SWDE/book/book-deepdiscount/1827.htm",Publisher:
"/media/Dados/bases/SWDE/book/book-deepdiscount/1555.htm",Illustrator:
"/media/Dados/bases/SWDE/book/book-deepdiscount/1839.htm",Publisher:
"/media/Dados/bases/SWDE/book/book-deepdiscount/1073.htm",Publisher:
"/media/Dados/bases/SWDE/book/book-deepdiscount/1288.htm",Publisher:
"/media/Dados/bases/SWDE/book/book-deepdiscount/0172.htm",Publisher:
"/media/Dados/bases/SWDE/book/book-deepdiscount/0865.htm",Publisher:
"/media/Dados/bases/SWDE/book/book-deepdiscount/0846.htm",Publisher:
"/media/Dados/bases/SWDE/book/book-deepdiscount/0964.htm",Publisher:
"/media/Dados/bases/SWDE/book/book-deepdiscount/1866.htm",Publisher:
"/media/Dados/bases/SWDE/book/book-deepdiscount/0027.htm",Publisher:
"/media/Dados/bases/SWDE/book/book-deepdiscount/0776.htm",Publisher:
"/media/Dados/bases/SWDE/book/book-deepdiscount/0066.htm",Publisher:
"/media/Dados/bases/SWDE/book/book-deepdiscount/1016.htm",Illustrator:
"/media/Dados/bases/SWDE/book/book-deepdiscount/1843.htm",Illustrator:
"/media/Dados/bases/SWDE/book/book-deepdiscount/1467.htm",Publisher:
"/media/Dados/bases/SWDE/book/book-deepdiscount/1648.htm",Publisher:
"/media/Dados/bases/SWDE/book/book-deepdiscount/1828.htm",Publisher:
"/media/Dados/bases/SWDE/book/book-deepdiscount/0883.htm",Publisher:
"/media/Dados/bases/SWDE/book/book-deepdiscount/1137.htm",Illustrator:
"/media/Dados/bases/SWDE/book/book-deepdiscount/0642.htm",Illustrator:
"/media/Dados/bases/SWDE/book/book-deepdiscount/0052.htm",Publisher:
"/media/Dados/bases/SWDE/book/book-deepdiscount/1210.htm",Publisher:
"/media/Dados/bases/SWDE/book/book-deepdiscount/0599.htm",Publisher:
"/media/Dados/bases/SWDE/book/book-deepdiscount/0649.htm",Publisher:
"/media/Dados/bases/SWDE/book/book-deepdiscount/1398.htm",Illustrator:
"/media/Dados/bases/SWDE/book/book-deepdiscount/0359.htm",Publisher:
"/media/Dados/bases/SWDE/book/book-deepdiscount/1431.htm",Publisher:
"/media/Dados/bases/SWDE/book/book-deepdiscount/0241.htm",Publisher:
"/media/Dados/bases/SWDE/book/book-deepdiscount/0154.htm",Illustrator:
"/media/Dados/bases/SWDE/book/book-deepdiscount/1174.htm",Illustrator:
"/media/Dados/bases/SWDE/book/book-deepdiscount/0097.htm",Publisher:
"/media/Dados/bases/SWDE/book/book-deepdiscount/0640.htm",Publisher:
"/media/Dados/bases/SWDE/book/book-deepdiscount/0460.htm",Illustrator:
"/media/Dados/bases/SWDE/book/book-deepdiscount/1230.htm",Publisher:
"/media/Dados/bases/SWDE/book/book-deepdiscount/0402.htm",Publisher:
"/media/Dados/bases/SWDE/book/book-deepdiscount/0729.htm",Publisher:
"/media/Dados/bases/SWDE/book/book-deepdiscount/1684.htm",Awards:
"/media/Dados/bases/SWDE/book/book-deepdiscount/0585.htm",Publisher:
"/media/Dados/bases/SWDE/book/book-deepdiscount/0898.htm",Publisher:
"/media/Dados/bases/SWDE/book/book-deepdiscount/0286.htm",Publisher:
"/media/Dados/bases/SWDE/book/book-deepdiscount/0720.htm",Awards:
"/media/Dados/bases/SWDE/book/book-deepdiscount/0561.htm",Illustrator:
"/media/Dados/bases/SWDE/book/book-deepdiscount/0726.htm",Illustrator:
"/media/Dados/bases/SWDE/book/book-deepdiscount/0942.htm",Publisher:
"/media/Dados/bases/SWDE/book/book-deepdiscount/0523.htm",Publisher:
"/media/Dados/bases/SWDE/book/book-deepdiscount/0958.htm",Publisher:
"/media/Dados/bases/SWDE/book/book-deepdiscount/0969.htm",Publisher:
"/media/Dados/bases/SWDE/book/book-deepdiscount/1353.htm",Publisher:
"/media/Dados/bases/SWDE/book/book-deepdiscount/0354.htm",Publisher:
"/media/Dados/bases/SWDE/book/book-deepdiscount/0288.htm",Publisher:
"/media/Dados/bases/SWDE/book/book-deepdiscount/1324.htm",Publisher:
"/media/Dados/bases/SWDE/book/book-deepdiscount/0147.htm",Publisher:
"/media/Dados/bases/SWDE/book/book-deepdiscount/1682.htm",Publisher:
"/media/Dados/bases/SWDE/book/book-deepdiscount/0816.htm",Publisher:
"/media/Dados/bases/SWDE/book/book-deepdiscount/1913.htm",Publisher:
"/media/Dados/bases/SWDE/book/book-deepdiscount/1096.htm",Publisher:
"/media/Dados/bases/SWDE/book/book-deepdiscount/1763.htm",Publisher:
"/media/Dados/bases/SWDE/book/book-deepdiscount/0562.htm",Publisher:
"/media/Dados/bases/SWDE/book/book-deepdiscount/0829.htm",Publisher:
"/media/Dados/bases/SWDE/book/book-deepdiscount/1359.htm",Publisher:
"/media/Dados/bases/SWDE/book/book-deepdiscount/1955.htm",Publisher:
"/media/Dados/bases/SWDE/book/book-deepdiscount/1888.htm",Publisher:
"/media/Dados/bases/SWDE/book/book-deepdiscount/1735.htm",Publisher:
"/media/Dados/bases/SWDE/book/book-deepdiscount/1992.htm",Publisher:
"/media/Dados/bases/SWDE/book/book-deepdiscount/1937.htm",Publisher:
"/media/Dados/bases/SWDE/book/book-deepdiscount/1702.htm",Illustrator:
"/media/Dados/bases/SWDE/book/book-deepdiscount/0171.htm",Publisher:
"/media/Dados/bases/SWDE/book/book-deepdiscount/0432.htm",Illustrator:
"/media/Dados/bases/SWDE/book/book-deepdiscount/1019.htm",Publisher:
"/media/Dados/bases/SWDE/book/book-deepdiscount/0310.htm",Publisher:
"/media/Dados/bases/SWDE/book/book-deepdiscount/1281.htm",Publisher:
"/media/Dados/bases/SWDE/book/book-deepdiscount/1566.htm",Publisher:
"/media/Dados/bases/SWDE/book/book-deepdiscount/1912.htm",Publisher:
"/media/Dados/bases/SWDE/book/book-deepdiscount/1655.htm",Publisher:
"/media/Dados/bases/SWDE/book/book-deepdiscount/0024.htm",Publisher:
"/media/Dados/bases/SWDE/book/book-deepdiscount/0389.htm",Publisher:
"/media/Dados/bases/SWDE/book/book-deepdiscount/0509.htm",Publisher:
"/media/Dados/bases/SWDE/book/book-deepdiscount/0182.htm",Illustrator:
"/media/Dados/bases/SWDE/book/book-deepdiscount/0132.htm",Publisher:
"/media/Dados/bases/SWDE/book/book-deepdiscount/1958.htm",Publisher:
"/media/Dados/bases/SWDE/book/book-deepdiscount/0897.htm",Publisher:
"/media/Dados/bases/SWDE/book/book-deepdiscount/0873.htm",Publisher:
"/media/Dados/bases/SWDE/book/book-deepdiscount/0515.htm",Publisher:
"/media/Dados/bases/SWDE/book/book-deepdiscount/0173.htm",Illustrator:
"/media/Dados/bases/SWDE/book/book-deepdiscount/1844.htm",Publisher:
"/media/Dados/bases/SWDE/book/book-deepdiscount/1436.htm",Publisher:
"/media/Dados/bases/SWDE/book/book-deepdiscount/1479.htm",Publisher:
"/media/Dados/bases/SWDE/book/book-deepdiscount/1047.htm",Illustrator:
"/media/Dados/bases/SWDE/book/book-deepdiscount/1126.htm",Publisher:
"/media/Dados/bases/SWDE/book/book-deepdiscount/1725.htm",Publisher:
"/media/Dados/bases/SWDE/book/book-deepdiscount/0032.htm",Publisher:
"/media/Dados/bases/SWDE/book/book-deepdiscount/1650.htm",Publisher:
"/media/Dados/bases/SWDE/book/book-deepdiscount/0279.htm",Publisher:
"/media/Dados/bases/SWDE/book/book-deepdiscount/1873.htm",Publisher:
"/media/Dados/bases/SWDE/book/book-deepdiscount/0021.htm",Publisher:
"/media/Dados/bases/SWDE/book/book-deepdiscount/0915.htm",Illustrator:
"/media/Dados/bases/SWDE/book/book-deepdiscount/0143.htm",Publisher:
"/media/Dados/bases/SWDE/book/book-deepdiscount/1005.htm",Publisher:
"/media/Dados/bases/SWDE/book/book-deepdiscount/0738.htm",Illustrator:
"/media/Dados/bases/SWDE/book/book-deepdiscount/1168.htm",Publisher:
"/media/Dados/bases/SWDE/book/book-deepdiscount/1444.htm",Publisher:
"/media/Dados/bases/SWDE/book/book-deepdiscount/0751.htm",Publisher:
"/media/Dados/bases/SWDE/book/book-deepdiscount/1249.htm",Publisher:
"/media/Dados/bases/SWDE/book/book-deepdiscount/0572.htm",Publisher:
"/media/Dados/bases/SWDE/book/book-deepdiscount/0728.htm",Publisher:
"/media/Dados/bases/SWDE/book/book-deepdiscount/0237.htm",Publisher:
"/media/Dados/bases/SWDE/book/book-deepdiscount/1061.htm",Publisher:
"/media/Dados/bases/SWDE/book/book-deepdiscount/1547.htm",Illustrator:
"/media/Dados/bases/SWDE/book/book-deepdiscount/1493.htm",Illustrator:
"/media/Dados/bases/SWDE/book/book-deepdiscount/0469.htm",Publisher:
"/media/Dados/bases/SWDE/book/book-deepdiscount/0086.htm",Publisher:
"/media/Dados/bases/SWDE/book/book-deepdiscount/1141.htm",Publisher:
"/media/Dados/bases/SWDE/book/book-deepdiscount/1949.htm",Publisher:
"/media/Dados/bases/SWDE/book/book-deepdiscount/0981.htm",Illustrator:
"/media/Dados/bases/SWDE/book/book-deepdiscount/1849.htm",Publisher:
"/media/Dados/bases/SWDE/book/book-deepdiscount/0760.htm",Publisher:
"/media/Dados/bases/SWDE/book/book-deepdiscount/1106.htm",Illustrator:
"/media/Dados/bases/SWDE/book/book-deepdiscount/0374.htm",Publisher:
"/media/Dados/bases/SWDE/book/book-deepdiscount/1478.htm",Publisher:
"/media/Dados/bases/SWDE/book/book-deepdiscount/0482.htm",Illustrator:
"/media/Dados/bases/SWDE/book/book-deepdiscount/0742.htm",Illustrator:
"/media/Dados/bases/SWDE/book/book-deepdiscount/1392.htm",Publisher:
"/media/Dados/bases/SWDE/book/book-deepdiscount/0593.htm",Publisher:
"/media/Dados/bases/SWDE/book/book-deepdiscount/1459.htm",Publisher:
"/media/Dados/bases/SWDE/book/book-deepdiscount/0458.htm",Publisher:
"/media/Dados/bases/SWDE/book/book-deepdiscount/0694.htm",Illustrator:
"/media/Dados/bases/SWDE/book/book-deepdiscount/0755.htm",Publisher:
"/media/Dados/bases/SWDE/book/book-deepdiscount/1855.htm",Publisher:
"/media/Dados/bases/SWDE/book/book-deepdiscount/0284.htm",Illustrator:
"/media/Dados/bases/SWDE/book/book-deepdiscount/0577.htm",Publisher:
"/media/Dados/bases/SWDE/book/book-deepdiscount/0451.htm",Awards:
"/media/Dados/bases/SWDE/book/book-deepdiscount/1872.htm",Publisher:
"/media/Dados/bases/SWDE/book/book-deepdiscount/0157.htm",Publisher:
"/media/Dados/bases/SWDE/book/book-deepdiscount/1428.htm",Publisher:
"/media/Dados/bases/SWDE/book/book-deepdiscount/0667.htm",Publisher:
"/media/Dados/bases/SWDE/book/book-deepdiscount/0924.htm",Publisher:
"/media/Dados/bases/SWDE/book/book-deepdiscount/0521.htm",Publisher:
"/media/Dados/bases/SWDE/book/book-deepdiscount/0452.htm",Publisher:
"/media/Dados/bases/SWDE/book/book-deepdiscount/1198.htm",Illustrator:
"/media/Dados/bases/SWDE/book/book-deepdiscount/1741.htm",Publisher:
"/media/Dados/bases/SWDE/book/book-deepdiscount/1360.htm",Illustrator:
"/media/Dados/bases/SWDE/book/book-deepdiscount/1788.htm",Publisher:
"/media/Dados/bases/SWDE/book/book-deepdiscount/0495.htm",Publisher:
"/media/Dados/bases/SWDE/book/book-deepdiscount/0250.htm",Publisher:
"/media/Dados/bases/SWDE/book/book-deepdiscount/1609.htm",Publisher:
"/media/Dados/bases/SWDE/book/book-deepdiscount/0578.htm",Publisher:
"/media/Dados/bases/SWDE/book/book-deepdiscount/0176.htm",Publisher:
"/media/Dados/bases/SWDE/book/book-deepdiscount/1420.htm",Publisher:
"/media/Dados/bases/SWDE/book/book-deepdiscount/0519.htm",Publisher:
"/media/Dados/bases/SWDE/book/book-deepdiscount/0456.htm",Publisher:
"/media/Dados/bases/SWDE/book/book-deepdiscount/1959.htm",Publisher:
"/media/Dados/bases/SWDE/book/book-deepdiscount/0423.htm",Publisher:
"/media/Dados/bases/SWDE/book/book-deepdiscount/1226.htm",Publisher:
"/media/Dados/bases/SWDE/book/book-deepdiscount/1751.htm",Publisher:
"/media/Dados/bases/SWDE/book/book-deepdiscount/0737.htm",Publisher:
"/media/Dados/bases/SWDE/book/book-deepdiscount/0554.htm",Illustrator:
"/media/Dados/bases/SWDE/book/book-deepdiscount/1321.htm",Illustrator:
"/media/Dados/bases/SWDE/book/book-deepdiscount/1357.htm",Illustrator:
"/media/Dados/bases/SWDE/book/book-deepdiscount/1582.htm",Publisher:
"/media/Dados/bases/SWDE/book/book-deepdiscount/0238.htm",Publisher:
"/media/Dados/bases/SWDE/book/book-deepdiscount/0837.htm",Publisher:
"/media/Dados/bases/SWDE/book/book-deepdiscount/1549.htm",Publisher:
"/media/Dados/bases/SWDE/book/book-deepdiscount/0950.htm",Publisher:
"/media/Dados/bases/SWDE/book/book-deepdiscount/1953.htm",Illustrator:
"/media/Dados/bases/SWDE/book/book-deepdiscount/1292.htm",Publisher:
"/media/Dados/bases/SWDE/book/book-deepdiscount/1284.htm",Publisher:
"/media/Dados/bases/SWDE/book/book-deepdiscount/0098.htm",Publisher:
"/media/Dados/bases/SWDE/book/book-deepdiscount/0943.htm",Publisher:
"/media/Dados/bases/SWDE/book/book-deepdiscount/0592.htm",Publisher:
"/media/Dados/bases/SWDE/book/book-deepdiscount/0617.htm",Publisher:
"/media/Dados/bases/SWDE/book/book-deepdiscount/1856.htm",Illustrator:
"/media/Dados/bases/SWDE/book/book-deepdiscount/1978.htm",Publisher:
"/media/Dados/bases/SWDE/book/book-deepdiscount/1676.htm",Publisher:
"/media/Dados/bases/SWDE/book/book-deepdiscount/0094.htm",Publisher:
"/media/Dados/bases/SWDE/book/book-deepdiscount/0448.htm",Publisher:
"/media/Dados/bases/SWDE/book/book-deepdiscount/0026.htm",Publisher:
"/media/Dados/bases/SWDE/book/book-deepdiscount/1154.htm",Publisher:
"/media/Dados/bases/SWDE/book/book-deepdiscount/0833.htm",Publisher:
"/media/Dados/bases/SWDE/book/book-deepdiscount/1901.htm",Publisher:
"/media/Dados/bases/SWDE/book/book-deepdiscount/0283.htm",Illustrator:
"/media/Dados/bases/SWDE/book/book-deepdiscount/1405.htm",Publisher:
"/media/Dados/bases/SWDE/book/book-deepdiscount/1462.htm",Publisher:
"/media/Dados/bases/SWDE/book/book-deepdiscount/0624.htm",Publisher:
"/media/Dados/bases/SWDE/book/book-deepdiscount/0001.htm",Publisher:
"/media/Dados/bases/SWDE/book/book-deepdiscount/0367.htm",Publisher:
"/media/Dados/bases/SWDE/book/book-deepdiscount/0275.htm",Publisher:
"/media/Dados/bases/SWDE/book/book-deepdiscount/0131.htm",Publisher:
"/media/Dados/bases/SWDE/book/book-deepdiscount/1374.htm",Publisher:
"/media/Dados/bases/SWDE/book/book-deepdiscount/0421.htm",Publisher:
"/media/Dados/bases/SWDE/book/book-deepdiscount/0826.htm",Publisher:
"/media/Dados/bases/SWDE/book/book-deepdiscount/0998.htm",Publisher:
"/media/Dados/bases/SWDE/book/book-deepdiscount/1501.htm",Publisher:
"/media/Dados/bases/SWDE/book/book-deepdiscount/0895.htm",Publisher:
"/media/Dados/bases/SWDE/book/book-deepdiscount/0595.htm",Publisher:
"/media/Dados/bases/SWDE/book/book-deepdiscount/0040.htm",Publisher:
"/media/Dados/bases/SWDE/book/book-deepdiscount/0688.htm",Publisher:
"/media/Dados/bases/SWDE/book/book-deepdiscount/1301.htm",Publisher:
"/media/Dados/bases/SWDE/book/book-deepdiscount/0306.htm",Publisher:
"/media/Dados/bases/SWDE/book/book-deepdiscount/1457.htm",Publisher:
"/media/Dados/bases/SWDE/book/book-deepdiscount/0788.htm",Publisher:
"/media/Dados/bases/SWDE/book/book-deepdiscount/0861.htm",Publisher:
"/media/Dados/bases/SWDE/book/book-deepdiscount/0848.htm",Publisher:
"/media/Dados/bases/SWDE/book/book-deepdiscount/0392.htm",Publisher:
"/media/Dados/bases/SWDE/book/book-deepdiscount/0226.htm",Publisher:
"/media/Dados/bases/SWDE/book/book-deepdiscount/0641.htm",Publisher:
"/media/Dados/bases/SWDE/book/book-deepdiscount/0567.htm",Publisher:
"/media/Dados/bases/SWDE/book/book-deepdiscount/0672.htm",Publisher:
"/media/Dados/bases/SWDE/book/book-deepdiscount/1853.htm",Illustrator:
"/media/Dados/bases/SWDE/book/book-deepdiscount/1223.htm",Publisher:
"/media/Dados/bases/SWDE/book/book-deepdiscount/1430.htm",Publisher:
"/media/Dados/bases/SWDE/book/book-deepdiscount/1213.htm",Publisher:
"/media/Dados/bases/SWDE/book/book-deepdiscount/0831.htm",Illustrator:
"/media/Dados/bases/SWDE/book/book-deepdiscount/1579.htm",Illustrator:
"/media/Dados/bases/SWDE/book/book-deepdiscount/0827.htm",Publisher:
"/media/Dados/bases/SWDE/book/book-deepdiscount/1455.htm",Publisher:
"/media/Dados/bases/SWDE/book/book-deepdiscount/0016.htm",Publisher:
"/media/Dados/bases/SWDE/book/book-deepdiscount/1477.htm",Publisher:
"/media/Dados/bases/SWDE/book/book-deepdiscount/0894.htm",Publisher:
"/media/Dados/bases/SWDE/book/book-deepdiscount/0304.htm",Awards:
"/media/Dados/bases/SWDE/book/book-deepdiscount/0308.htm",Publisher:
"/media/Dados/bases/SWDE/book/book-deepdiscount/0526.htm",Publisher:
"/media/Dados/bases/SWDE/book/book-deepdiscount/0178.htm",Publisher:
"/media/Dados/bases/SWDE/book/book-deepdiscount/0249.htm",Illustrator:
"/media/Dados/bases/SWDE/book/book-deepdiscount/0765.htm",Publisher:
"/media/Dados/bases/SWDE/book/book-deepdiscount/0127.htm",Publisher:
"/media/Dados/bases/SWDE/book/book-deepdiscount/0222.htm",Publisher:
"/media/Dados/bases/SWDE/book/book-deepdiscount/0793.htm",Publisher:
"/media/Dados/bases/SWDE/book/book-deepdiscount/1400.htm",Publisher:
"/media/Dados/bases/SWDE/book/book-deepdiscount/1305.htm",Publisher:
"/media/Dados/bases/SWDE/book/book-deepdiscount/1778.htm",Publisher:
"/media/Dados/bases/SWDE/book/book-deepdiscount/0167.htm",Publisher:
"/media/Dados/bases/SWDE/book/book-deepdiscount/0260.htm",Publisher:
"/media/Dados/bases/SWDE/book/book-deepdiscount/1794.htm",Publisher:
"/media/Dados/bases/SWDE/book/book-deepdiscount/0210.htm",Publisher:
"/media/Dados/bases/SWDE/book/book-deepdiscount/1483.htm",Publisher:
"/media/Dados/bases/SWDE/book/book-deepdiscount/1354.htm",Publisher:
"/media/Dados/bases/SWDE/book/book-deepdiscount/0993.htm",Publisher:
"/media/Dados/bases/SWDE/book/book-deepdiscount/0714.htm",Publisher:
"/media/Dados/bases/SWDE/book/book-deepdiscount/1487.htm",Illustrator:
"/media/Dados/bases/SWDE/book/book-deepdiscount/1874.htm",Publisher:
"/media/Dados/bases/SWDE/book/book-deepdiscount/0608.htm",Illustrator:
"/media/Dados/bases/SWDE/book/book-deepdiscount/1280.htm",Publisher:
"/media/Dados/bases/SWDE/book/book-deepdiscount/0862.htm",Illustrator:
"/media/Dados/bases/SWDE/book/book-deepdiscount/0957.htm",Publisher:
"/media/Dados/bases/SWDE/book/book-deepdiscount/1488.htm",Publisher:
"/media/Dados/bases/SWDE/book/book-deepdiscount/1720.htm",Publisher:
"/media/Dados/bases/SWDE/book/book-deepdiscount/1286.htm",Illustrator:
"/media/Dados/bases/SWDE/book/book-deepdiscount/0692.htm",Illustrator:
"/media/Dados/bases/SWDE/book/book-deepdiscount/1377.htm",Publisher:
"/media/Dados/bases/SWDE/book/book-deepdiscount/1668.htm",Publisher:
"/media/Dados/bases/SWDE/book/book-deepdiscount/1865.htm",Publisher:
"/media/Dados/bases/SWDE/book/book-deepdiscount/0312.htm",Publisher:
"/media/Dados/bases/SWDE/book/book-deepdiscount/1672.htm",Illustrator:
"/media/Dados/bases/SWDE/book/book-deepdiscount/0168.htm",Illustrator:
"/media/Dados/bases/SWDE/book/book-deepdiscount/1784.htm",Publisher:
"/media/Dados/bases/SWDE/book/book-deepdiscount/0135.htm",Publisher:
"/media/Dados/bases/SWDE/book/book-deepdiscount/1641.htm",Publisher:
"/media/Dados/bases/SWDE/book/book-deepdiscount/1941.htm",Publisher:
"/media/Dados/bases/SWDE/book/book-deepdiscount/0532.htm",Publisher:
"/media/Dados/bases/SWDE/book/book-deepdiscount/1278.htm",Publisher:
"/media/Dados/bases/SWDE/book/book-deepdiscount/0239.htm",Publisher:
"/media/Dados/bases/SWDE/book/book-deepdiscount/1674.htm",Publisher:
"/media/Dados/bases/SWDE/book/book-deepdiscount/0841.htm",Illustrator:
"/media/Dados/bases/SWDE/book/book-deepdiscount/0475.htm",Publisher:
"/media/Dados/bases/SWDE/book/book-deepdiscount/0424.htm",Illustrator:
"/media/Dados/bases/SWDE/book/book-deepdiscount/0758.htm",Publisher:
"/media/Dados/bases/SWDE/book/book-deepdiscount/0800.htm",Publisher:
"/media/Dados/bases/SWDE/book/book-deepdiscount/0906.htm",Publisher:
"/media/Dados/bases/SWDE/book/book-deepdiscount/0536.htm",Publisher:
"/media/Dados/bases/SWDE/book/book-deepdiscount/1904.htm",Publisher:
"/media/Dados/bases/SWDE/book/book-deepdiscount/0464.htm",Publisher:
"/media/Dados/bases/SWDE/book/book-deepdiscount/0007.htm",Publisher:
"/media/Dados/bases/SWDE/book/book-deepdiscount/0427.htm",Illustrator:
"/media/Dados/bases/SWDE/book/book-deepdiscount/0369.htm",Publisher:
"/media/Dados/bases/SWDE/book/book-deepdiscount/1861.htm",Publisher:
"/media/Dados/bases/SWDE/book/book-deepdiscount/0329.htm",Publisher:
"/media/Dados/bases/SWDE/book/book-deepdiscount/0736.htm",Publisher:
"/media/Dados/bases/SWDE/book/book-deepdiscount/1107.htm",Publisher:
"/media/Dados/bases/SWDE/book/book-deepdiscount/1515.htm",Illustrator:
"/media/Dados/bases/SWDE/book/book-deepdiscount/0145.htm",Publisher:
"/media/Dados/bases/SWDE/book/book-deepdiscount/0466.htm",Illustrator:
"/media/Dados/bases/SWDE/book/book-deepdiscount/1275.htm",Publisher:
"/media/Dados/bases/SWDE/book/book-deepdiscount/0856.htm",Publisher:
"/media/Dados/bases/SWDE/book/book-deepdiscount/1986.htm",Publisher:
"/media/Dados/bases/SWDE/book/book-deepdiscount/1445.htm",Publisher:
"/media/Dados/bases/SWDE/book/book-deepdiscount/0775.htm",Publisher:
"/media/Dados/bases/SWDE/book/book-deepdiscount/0539.htm",Publisher:
"/media/Dados/bases/SWDE/book/book-deepdiscount/0988.htm",Illustrator:
"/media/Dados/bases/SWDE/book/book-deepdiscount/0114.htm",Publisher:
"/media/Dados/bases/SWDE/book/book-deepdiscount/1760.htm",Publisher:
"/media/Dados/bases/SWDE/book/book-deepdiscount/1509.htm",Publisher:
"/media/Dados/bases/SWDE/book/book-deepdiscount/1529.htm",Publisher:
"/media/Dados/bases/SWDE/book/book-deepdiscount/0860.htm",Publisher:
"/media/Dados/bases/SWDE/book/book-deepdiscount/1254.htm",Publisher:
"/media/Dados/bases/SWDE/book/book-deepdiscount/1093.htm",Publisher:
"/media/Dados/bases/SWDE/book/book-deepdiscount/0325.htm",Publisher:
"/media/Dados/bases/SWDE/book/book-deepdiscount/0546.htm",Publisher:
"/media/Dados/bases/SWDE/book/book-deepdiscount/1695.htm",Publisher:
"/media/Dados/bases/SWDE/book/book-deepdiscount/1534.htm",Publisher:
"/media/Dados/bases/SWDE/book/book-deepdiscount/1497.htm",Publisher:
"/media/Dados/bases/SWDE/book/book-deepdiscount/0855.htm",Illustrator:
"/media/Dados/bases/SWDE/book/book-deepdiscount/1945.htm",Publisher:
"/media/Dados/bases/SWDE/book/book-deepdiscount/0247.htm",Illustrator:
"/media/Dados/bases/SWDE/book/book-deepdiscount/0653.htm",Publisher:
"/media/Dados/bases/SWDE/book/book-deepdiscount/1567.htm",Illustrator:
"/media/Dados/bases/SWDE/book/book-deepdiscount/1157.htm",Publisher:
"/media/Dados/bases/SWDE/book/book-deepdiscount/0202.htm",Illustrator:
"/media/Dados/bases/SWDE/book/book-deepdiscount/0091.htm",Publisher:
"/media/Dados/bases/SWDE/book/book-deepdiscount/0243.htm",Publisher:
"/media/Dados/bases/SWDE/book/book-deepdiscount/1330.htm",Publisher:
"/media/Dados/bases/SWDE/book/book-deepdiscount/1264.htm",Publisher:
"/media/Dados/bases/SWDE/book/book-deepdiscount/0905.htm",Illustrator:
"/media/Dados/bases/SWDE/book/book-deepdiscount/0409.htm",Publisher:
"/media/Dados/bases/SWDE/book/book-deepdiscount/0834.htm",Publisher:
"/media/Dados/bases/SWDE/book/book-deepdiscount/0557.htm",Illustrator:
"/media/Dados/bases/SWDE/book/book-deepdiscount/0632.htm",Publisher:
"/media/Dados/bases/SWDE/book/book-deepdiscount/1923.htm",Publisher:
"/media/Dados/bases/SWDE/book/book-deepdiscount/0240.htm",Publisher:
"/media/Dados/bases/SWDE/book/book-deepdiscount/0215.htm",Publisher:
"/media/Dados/bases/SWDE/book/book-deepdiscount/1897.htm",Publisher:
"/media/Dados/bases/SWDE/book/book-deepdiscount/0481.htm",Publisher:
"/media/Dados/bases/SWDE/book/book-deepdiscount/1358.htm",Publisher:
"/media/Dados/bases/SWDE/book/book-deepdiscount/0463.htm",Illustrator:
"/media/Dados/bases/SWDE/book/book-deepdiscount/1234.htm",Publisher:
"/media/Dados/bases/SWDE/book/book-deepdiscount/0139.htm",Publisher:
"/media/Dados/bases/SWDE/book/book-deepdiscount/0700.htm",Publisher:
"/media/Dados/bases/SWDE/book/book-deepdiscount/0689.htm",Publisher:
"/media/Dados/bases/SWDE/book/book-deepdiscount/1380.htm",Awards:
