URL,EXTRACTED VALUE
"/media/Dados/bases/SWDE/movie/movie-amctv/1432.htm",", and"
"/media/Dados/bases/SWDE/movie/movie-amctv/1940.htm",", became a vehicle for real-life couple"
"/media/Dados/bases/SWDE/movie/movie-amctv/1885.htm",proved to be Denis Sander's last documentary effort; his next film was the love it-or-hate it horror spoof
"/media/Dados/bases/SWDE/movie/movie-amctv/1089.htm",") to take a look. Determined to prove that she's right (and get a career-advancing story), Grace investigates, assisted by a private eye ("
"/media/Dados/bases/SWDE/movie/movie-amctv/1210.htm",'s lovely travelling companion
"/media/Dados/bases/SWDE/movie/movie-amctv/0805.htm","), the school's only Jewish student."
"/media/Dados/bases/SWDE/movie/movie-amctv/1890.htm","and his band in the recording studio or rehearsal hall, as they work on songs which serve as both mirror and counterpoint for Travis' progress."
"/media/Dados/bases/SWDE/movie/movie-amctv/1610.htm",and
"/media/Dados/bases/SWDE/movie/movie-amctv/1357.htm",", and"
"/media/Dados/bases/SWDE/movie/movie-amctv/0322.htm","and O'Hara, as well as a wonderful faith-affirming denouement for little"
"/media/Dados/bases/SWDE/movie/movie-amctv/1592.htm",in
"/media/Dados/bases/SWDE/movie/movie-amctv/0273.htm",). The rival Harkonnens are headed by the pus-oozing degenerate Baron Vladimir Harkonnen (
"/media/Dados/bases/SWDE/movie/movie-amctv/0701.htm",") are on hand with their Weimaraner ""Beatrice,"" who they fear may have been traumatized by watching them have sex. Scott Donlan ("
"/media/Dados/bases/SWDE/movie/movie-amctv/1290.htm","'s earlier films,"
"/media/Dados/bases/SWDE/movie/movie-amctv/1381.htm",'s dialogue was eliminated -- but not
"/media/Dados/bases/SWDE/movie/movie-amctv/1806.htm",", allowing a relatively small budget of about two million dollars."
"/media/Dados/bases/SWDE/movie/movie-amctv/0904.htm",) and her hero-worshipping son (
"/media/Dados/bases/SWDE/movie/movie-amctv/0629.htm",") is Sooze's best friend, just out of rehab, with her willpower hanging by a thread. It's a big night in front of the convenience store; Pony ("
"/media/Dados/bases/SWDE/movie/movie-amctv/1765.htm",") -- who covets the King's influence -- and the Princess' brother, King Philip of France ("
"/media/Dados/bases/SWDE/movie/movie-amctv/0090.htm",as
"/media/Dados/bases/SWDE/movie/movie-amctv/1626.htm",", and"
"/media/Dados/bases/SWDE/movie/movie-amctv/1573.htm",", from a screenplay by Singleton,"
"/media/Dados/bases/SWDE/movie/movie-amctv/1095.htm","is a passenger who is also his mistress, and"
"/media/Dados/bases/SWDE/movie/movie-amctv/0846.htm","and would make many more afterwards. Originally slated for limited domestic distribution in 1982,"
"/media/Dados/bases/SWDE/movie/movie-amctv/1960.htm",); her lesbian Aunt Lucy (
"/media/Dados/bases/SWDE/movie/movie-amctv/0018.htm",'s unforgettable setting of
"/media/Dados/bases/SWDE/movie/movie-amctv/0196.htm","was the first of his films to attract widespread critical notice, almost 13 years after he created the seminal Killer of Sheep."
"/media/Dados/bases/SWDE/movie/movie-amctv/0480.htm","film,"
"/media/Dados/bases/SWDE/movie/movie-amctv/0119.htm",was a return to small-scale art films for
"/media/Dados/bases/SWDE/movie/movie-amctv/0762.htm",made possible such future Disney cartoon ventures as
"/media/Dados/bases/SWDE/movie/movie-amctv/1380.htm",and
"/media/Dados/bases/SWDE/movie/movie-amctv/0408.htm","is persuaded to stay by her former husband, who hopes to talk her out of dissolving the marriage. Sideline characters include"
"/media/Dados/bases/SWDE/movie/movie-amctv/0435.htm",'s unborn child. Hoping to create a film that would serve as both a memorial to
"/media/Dados/bases/SWDE/movie/movie-amctv/0040.htm",was also the screen debut for screenwriter
"/media/Dados/bases/SWDE/movie/movie-amctv/1050.htm",was arrested while attending a protest being filmed for the movie.
"/media/Dados/bases/SWDE/movie/movie-amctv/1729.htm","debuted at the New York Film Festival to great praise, particularly for"
"/media/Dados/bases/SWDE/movie/movie-amctv/0139.htm",'s
"/media/Dados/bases/SWDE/movie/movie-amctv/0998.htm","knows the truth, but is frightened into silence by the corrupt union. Inspired by"
"/media/Dados/bases/SWDE/movie/movie-amctv/0281.htm",was one of the most financially successful
"/media/Dados/bases/SWDE/movie/movie-amctv/0697.htm","'s fascination with a man overwhelmed by history. In that film,"
"/media/Dados/bases/SWDE/movie/movie-amctv/1279.htm",also stars
"/media/Dados/bases/SWDE/movie/movie-amctv/1372.htm",and premiered at the 2004 Sundance Film Festival.
"/media/Dados/bases/SWDE/movie/movie-amctv/1639.htm","'s Dynamation special effects are superb. A lilting, semihumorous musical score by"
"/media/Dados/bases/SWDE/movie/movie-amctv/0170.htm","(1980), and"
"/media/Dados/bases/SWDE/movie/movie-amctv/0476.htm",). Various thefts enable Cahill to support his wife Frances (
"/media/Dados/bases/SWDE/movie/movie-amctv/0319.htm","), has been murdered. Tough New York detective Mark McPherson ("
"/media/Dados/bases/SWDE/movie/movie-amctv/1622.htm","also appears in this remake as Cliff, the boss of Jack's late brother;"
"/media/Dados/bases/SWDE/movie/movie-amctv/0482.htm",) and Bobbie Joe (
"/media/Dados/bases/SWDE/movie/movie-amctv/0421.htm",at his acerbic best. The film was scripted by
"/media/Dados/bases/SWDE/movie/movie-amctv/1093.htm",and
"/media/Dados/bases/SWDE/movie/movie-amctv/1139.htm",", who in addition to being a souse is said to be crazy. They move in together, even though"
"/media/Dados/bases/SWDE/movie/movie-amctv/0896.htm","to his son,"
"/media/Dados/bases/SWDE/movie/movie-amctv/1783.htm",and powerseeker
"/media/Dados/bases/SWDE/movie/movie-amctv/0349.htm",", John Schuck, and"
"/media/Dados/bases/SWDE/movie/movie-amctv/1921.htm",", and"
"/media/Dados/bases/SWDE/movie/movie-amctv/1301.htm","as a delightfully obnoxious ice cream vendor, and, in a microscopic role,"
"/media/Dados/bases/SWDE/movie/movie-amctv/0491.htm",) and Eva (
"/media/Dados/bases/SWDE/movie/movie-amctv/0814.htm","), a former dark wizard catcher who agreed to take on the infamous ""DADA"" professorship as a personal favor to Headmaster Dumbledore ("
"/media/Dados/bases/SWDE/movie/movie-amctv/0225.htm",) and sympathetic detective Frank Bumstead (
"/media/Dados/bases/SWDE/movie/movie-amctv/1067.htm","is occasionally mean-spirited and frequently dour, which may just be a result of its subject matter."
"/media/Dados/bases/SWDE/movie/movie-amctv/0290.htm",and
"/media/Dados/bases/SWDE/movie/movie-amctv/0569.htm",'s first film after his triumph in
"/media/Dados/bases/SWDE/movie/movie-amctv/0036.htm",landed an Oscar nomination for his evocative musical score.
"/media/Dados/bases/SWDE/movie/movie-amctv/1158.htm","), take on the case. The culprit turns out to be a deranged man ("
"/media/Dados/bases/SWDE/movie/movie-amctv/0587.htm","), a safe-cracker ("
"/media/Dados/bases/SWDE/movie/movie-amctv/0984.htm","), a none-too-bright actor, aspiring magician, and failing songwriter; Buck ("
"/media/Dados/bases/SWDE/movie/movie-amctv/0949.htm",based on the true story of an American mercenary in Bosnia.
"/media/Dados/bases/SWDE/movie/movie-amctv/0042.htm",as Joe's wife.
"/media/Dados/bases/SWDE/movie/movie-amctv/0788.htm",", and"
"/media/Dados/bases/SWDE/movie/movie-amctv/0343.htm",ran 155 tension-filled minutes. Based on the much-imitated novel by
"/media/Dados/bases/SWDE/movie/movie-amctv/0116.htm",) and his wife Judy (
"/media/Dados/bases/SWDE/movie/movie-amctv/0244.htm","), who has had the temerity to court Hunsecker's sister Susan ("
"/media/Dados/bases/SWDE/movie/movie-amctv/0078.htm",) are sent to Paris to sell the Imperial Jewels for ready cash. Grand Duchess Swana (
"/media/Dados/bases/SWDE/movie/movie-amctv/0641.htm",was shown at the 2003 Toronto Film Festival.
"/media/Dados/bases/SWDE/movie/movie-amctv/0825.htm",won the Oscar for Best Foreign Language Film in 1971.
"/media/Dados/bases/SWDE/movie/movie-amctv/1697.htm","plays a lovestruck teenager, hopelessly enamored with"
"/media/Dados/bases/SWDE/movie/movie-amctv/1951.htm","). After some persuasion, Craven returns Bedlo to human form, reversing a spell placed by the evil Dr. Scarabus ("
"/media/Dados/bases/SWDE/movie/movie-amctv/0339.htm","as the younger Blackie (a marvelous piece of mimicry here), and blonde singer"
"/media/Dados/bases/SWDE/movie/movie-amctv/1442.htm","'s young wife, ripe for ""possession."""
"/media/Dados/bases/SWDE/movie/movie-amctv/1137.htm",are among the supporting cast.
"/media/Dados/bases/SWDE/movie/movie-amctv/0843.htm",", and"
"/media/Dados/bases/SWDE/movie/movie-amctv/1488.htm",as one of
"/media/Dados/bases/SWDE/movie/movie-amctv/1013.htm",", who attempted to bring the story to the screen back in the 1970s."
"/media/Dados/bases/SWDE/movie/movie-amctv/1321.htm","), and precocious prop girl Alice Forsyte ("
"/media/Dados/bases/SWDE/movie/movie-amctv/0977.htm","), but he soon takes an interest in Flubber after hearing about it from his flunkies ("
"/media/Dados/bases/SWDE/movie/movie-amctv/1332.htm","), who lets them enter via the rear door. Beautiful brunette Charlotte ("
"/media/Dados/bases/SWDE/movie/movie-amctv/0578.htm","(1967), while the Gorgonite voices reunited several"
"/media/Dados/bases/SWDE/movie/movie-amctv/0337.htm",'s Rhapsody in Blue;
"/media/Dados/bases/SWDE/movie/movie-amctv/1469.htm",was screened in competition at the 2004 Cannes Film Festival.
"/media/Dados/bases/SWDE/movie/movie-amctv/0122.htm","(1996), which again featured MacLaine as Aurora."
"/media/Dados/bases/SWDE/movie/movie-amctv/1782.htm","), and Petronella Danforth ("
"/media/Dados/bases/SWDE/movie/movie-amctv/1176.htm",is based on a novel by
"/media/Dados/bases/SWDE/movie/movie-amctv/1384.htm",was directed by the Australian thriller specialist
"/media/Dados/bases/SWDE/movie/movie-amctv/1212.htm","was nominated for four Academy Awards in 1977, including Best Foreign Film."
"/media/Dados/bases/SWDE/movie/movie-amctv/0254.htm",'s place in the hearts of 13-year-old boys of all ages). Supporting characters include
"/media/Dados/bases/SWDE/movie/movie-amctv/0557.htm",after the commercial and critical disaster of
"/media/Dados/bases/SWDE/movie/movie-amctv/1191.htm",", an offshoot of"
"/media/Dados/bases/SWDE/movie/movie-amctv/0279.htm","), the other, is a doofus -- and as the wedding date draws nearer and nearer, poor Howard's life flies even farther out of control."
"/media/Dados/bases/SWDE/movie/movie-amctv/0221.htm",") in an attempt to find the real killer, amidst the intrusions of Walter Hoover ("
"/media/Dados/bases/SWDE/movie/movie-amctv/0030.htm","(1990), The Hand That Rocks the Cradle (1992), and Fear (1996)."
"/media/Dados/bases/SWDE/movie/movie-amctv/1809.htm",", and Paris Tselios."
"/media/Dados/bases/SWDE/movie/movie-amctv/1519.htm","), inaugurate a search, but their expedition is sidetracked by a drinking binge at a local bar. Meanwhile, Lynn and Tony's wife, Margot ("
"/media/Dados/bases/SWDE/movie/movie-amctv/1599.htm",at 15) and John (
"/media/Dados/bases/SWDE/movie/movie-amctv/1608.htm",was originally telecast on the Showtime cable service as part of the
"/media/Dados/bases/SWDE/movie/movie-amctv/1962.htm","), grandson of a respected civil rights pioneer, to become his deputy campaign manager. Stanton's smart wife Susan ("
"/media/Dados/bases/SWDE/movie/movie-amctv/0659.htm","'s third feature film, and features many of the same crew as his previous films,"
"/media/Dados/bases/SWDE/movie/movie-amctv/0200.htm","), so he has her former cohorts, played by"
"/media/Dados/bases/SWDE/movie/movie-amctv/1260.htm",also includes performances from
"/media/Dados/bases/SWDE/movie/movie-amctv/0358.htm",) and his second in command Eddie Dane (
"/media/Dados/bases/SWDE/movie/movie-amctv/0589.htm","), and Leroy ("
"/media/Dados/bases/SWDE/movie/movie-amctv/0761.htm",", and"
"/media/Dados/bases/SWDE/movie/movie-amctv/0379.htm",", seemed to have the inside track, but it was Columbia's"
"/media/Dados/bases/SWDE/movie/movie-amctv/0201.htm",. The film won a Best Supporting Actor Oscar for co-star
"/media/Dados/bases/SWDE/movie/movie-amctv/1307.htm","), he finally decides to a risk of his own. At a party, he meets free-spirited Polly Prince ("
"/media/Dados/bases/SWDE/movie/movie-amctv/1033.htm",wound up making five times more than it cost and is a precursor to such erotic thrillers as
"/media/Dados/bases/SWDE/movie/movie-amctv/0081.htm","pale in comparison, but its brilliant visual style and bravura direction earned accolades even from non-action fans."
"/media/Dados/bases/SWDE/movie/movie-amctv/0771.htm","tunes on the soundtrack, as well as a new recording of ""Burning Love"" by country star"
"/media/Dados/bases/SWDE/movie/movie-amctv/1313.htm","), as their high school's truant officer ("
"/media/Dados/bases/SWDE/movie/movie-amctv/1859.htm",). Fantasy sequences parody
"/media/Dados/bases/SWDE/movie/movie-amctv/1494.htm",) and Loki (
"/media/Dados/bases/SWDE/movie/movie-amctv/1556.htm",but was released on video first despite the fact that Universal thought it looked good enough to release into theaters.
"/media/Dados/bases/SWDE/movie/movie-amctv/1369.htm",(who has yet to realize she's dead).
"/media/Dados/bases/SWDE/movie/movie-amctv/1038.htm",) are patterned on the protagonists of the
"/media/Dados/bases/SWDE/movie/movie-amctv/0323.htm",beating out thousands of hopefuls to play what was once
"/media/Dados/bases/SWDE/movie/movie-amctv/0083.htm",". Based on the novel by Stephen Crane, the film stars real-life war hero"
"/media/Dados/bases/SWDE/movie/movie-amctv/1263.htm",) and Thing (
"/media/Dados/bases/SWDE/movie/movie-amctv/1520.htm",) a reformed criminal; Isaac (
"/media/Dados/bases/SWDE/movie/movie-amctv/0810.htm",as police detectives hot on Vincent's trail.
"/media/Dados/bases/SWDE/movie/movie-amctv/1977.htm","to pen the film, which was produced under"
"/media/Dados/bases/SWDE/movie/movie-amctv/0829.htm",) of a wealthy Scottish businessman (
"/media/Dados/bases/SWDE/movie/movie-amctv/0396.htm","was adapted from Seven Men at Daybreak, a novel by Alan Burgess."
"/media/Dados/bases/SWDE/movie/movie-amctv/0564.htm",) and asked embarrassing questions about his love life by Uncle Morty (
"/media/Dados/bases/SWDE/movie/movie-amctv/1213.htm","), Reve is trying to keep his leading lady Nicole ("
"/media/Dados/bases/SWDE/movie/movie-amctv/0970.htm",to allow us to reveal anything else at this point (except that
"/media/Dados/bases/SWDE/movie/movie-amctv/0521.htm","conspiracy"" school of literature."
"/media/Dados/bases/SWDE/movie/movie-amctv/0520.htm","appear in small parts, and"
"/media/Dados/bases/SWDE/movie/movie-amctv/1336.htm",) and F. Denton Voyles (
"/media/Dados/bases/SWDE/movie/movie-amctv/0872.htm",in their decade-end list of the best films of the 1980s.
"/media/Dados/bases/SWDE/movie/movie-amctv/0540.htm",and
"/media/Dados/bases/SWDE/movie/movie-amctv/1886.htm",", and many more."
"/media/Dados/bases/SWDE/movie/movie-amctv/0933.htm","), the husband of the woman ("
"/media/Dados/bases/SWDE/movie/movie-amctv/1062.htm",appeared in a brief cameo as the minister presiding over Gage's funeral. Director
"/media/Dados/bases/SWDE/movie/movie-amctv/1878.htm",", the wife of director"
"/media/Dados/bases/SWDE/movie/movie-amctv/0080.htm","), and a purloined brain, Frankenstein creates his monster ("
"/media/Dados/bases/SWDE/movie/movie-amctv/1924.htm",as Reynald.
"/media/Dados/bases/SWDE/movie/movie-amctv/0088.htm","(1984), with this frantic screwball comedy. H.I. ""Hi"" McDonnough ("
"/media/Dados/bases/SWDE/movie/movie-amctv/0387.htm",appears as the family's easily irritated next-door neighbor.
"/media/Dados/bases/SWDE/movie/movie-amctv/1612.htm","), and Heather's father, Ozzie ("
"/media/Dados/bases/SWDE/movie/movie-amctv/0594.htm","comedy of the same name, starring"
"/media/Dados/bases/SWDE/movie/movie-amctv/0927.htm","), a well-known female bullfighter whose on-the-rocks romance with another toreador, ""El Niño de Valencia"" ("
"/media/Dados/bases/SWDE/movie/movie-amctv/0782.htm","), who believes that the key to"
"/media/Dados/bases/SWDE/movie/movie-amctv/0452.htm",'s conscience-stricken partner and
"/media/Dados/bases/SWDE/movie/movie-amctv/1807.htm","). Miserably unhappy, Barry escapes into a world of fantasy, where he imagines himself the tough, karate-proficient sidekick of action movie hero"
"/media/Dados/bases/SWDE/movie/movie-amctv/0071.htm","was made available to filmgoers in 1990. A sequel, Fantasia 2000, was released in theaters in 1999."
"/media/Dados/bases/SWDE/movie/movie-amctv/1495.htm","also deliver fine comic turns, and"
"/media/Dados/bases/SWDE/movie/movie-amctv/1419.htm",) is determined to rid Ratropolis of all things rodent. When Toad's hapless hench-rats Spike (
"/media/Dados/bases/SWDE/movie/movie-amctv/0223.htm",", and"
"/media/Dados/bases/SWDE/movie/movie-amctv/1370.htm",'s 1996 film
"/media/Dados/bases/SWDE/movie/movie-amctv/0409.htm",look like
"/media/Dados/bases/SWDE/movie/movie-amctv/0094.htm",has gone on to be an all-time sci-fi (and/or camp) classic. It won a special Academy Award for
"/media/Dados/bases/SWDE/movie/movie-amctv/0489.htm",") with his car, leading to another encounter with a killer monk. Niemans and Reda get together with religious expert Marie ("
"/media/Dados/bases/SWDE/movie/movie-amctv/1726.htm",and
"/media/Dados/bases/SWDE/movie/movie-amctv/0252.htm",has (through the conduit of screenwriter Bob Dolman) added elements of his own
"/media/Dados/bases/SWDE/movie/movie-amctv/1769.htm",and cinematographer
"/media/Dados/bases/SWDE/movie/movie-amctv/0792.htm","), he travels to meet her with his pals Cooper ("
"/media/Dados/bases/SWDE/movie/movie-amctv/0953.htm","was followed in 1979 by a ""prequel,"""
"/media/Dados/bases/SWDE/movie/movie-amctv/0086.htm","again), and Best Cinematography ("
"/media/Dados/bases/SWDE/movie/movie-amctv/0148.htm",", Jarrett regroups his gang to mastermind a ""Trojan horse"" armored-car robbery."
"/media/Dados/bases/SWDE/movie/movie-amctv/0289.htm",(aka Pee Wee Herman) in a small part as an FBI agent investigating Matilda's shady father.
"/media/Dados/bases/SWDE/movie/movie-amctv/1365.htm",") with no help from her well-off ex-husband, who's more interested in his new wife and family. Gil and Helen's sister, Susan ("
"/media/Dados/bases/SWDE/movie/movie-amctv/0856.htm",premiered at the 2003 Cannes Film Festival.
"/media/Dados/bases/SWDE/movie/movie-amctv/0406.htm","was the first of Ray's celebrated ""Apu Trilogy"" (the other two entries were 1956's"
"/media/Dados/bases/SWDE/movie/movie-amctv/1953.htm",", he was a versatile enough actor to escape the fate of poor"
"/media/Dados/bases/SWDE/movie/movie-amctv/0758.htm","). Unfortunately, Anne is married to the extremely jealous Chris ("
"/media/Dados/bases/SWDE/movie/movie-amctv/1889.htm",") carries on a long-running feud with their hillbilly neighbors, the Bumpus family."
"/media/Dados/bases/SWDE/movie/movie-amctv/1241.htm",", who co-directed) after a traffic accident. When archangel Mr. Jordan ("
"/media/Dados/bases/SWDE/movie/movie-amctv/0041.htm","), publisher of the scandal sheet"
"/media/Dados/bases/SWDE/movie/movie-amctv/0833.htm",", fresh from their successful teaming in"
"/media/Dados/bases/SWDE/movie/movie-amctv/0853.htm","play multiple roles, and there are innumerable celebrity cameos peppered throughout the proceedings -- including the Duke Brothers ("
"/media/Dados/bases/SWDE/movie/movie-amctv/0388.htm","), decides that a visit with his ailing grandson is a good time to discuss his infidelities. Lois ("
"/media/Dados/bases/SWDE/movie/movie-amctv/0956.htm","). The three men come up with a plan to corral some misfit mustangs and sell them for dog food, but Gay's new girlfriend Roslyn Taber ("
"/media/Dados/bases/SWDE/movie/movie-amctv/1539.htm",") fires Keating, and his students leap to his defense."
"/media/Dados/bases/SWDE/movie/movie-amctv/1314.htm","had a more poignant visit to the king's palace, but"
"/media/Dados/bases/SWDE/movie/movie-amctv/1903.htm",opens and closes the film with a live-action tale that stars
"/media/Dados/bases/SWDE/movie/movie-amctv/1222.htm","), with whom he has been tooling about the countryside in a vintage automobile, together with his very distant African-American relative Ned ("
"/media/Dados/bases/SWDE/movie/movie-amctv/0197.htm",.) Artists contributing to the fascinating
"/media/Dados/bases/SWDE/movie/movie-amctv/0425.htm","), where he meets another colorful cast of characters, none more so than the childlike Mr. Dick ("
"/media/Dados/bases/SWDE/movie/movie-amctv/1871.htm","'s passion for reform landed him in exile. Rather than give up after his release,"
"/media/Dados/bases/SWDE/movie/movie-amctv/0944.htm",). Both the
"/media/Dados/bases/SWDE/movie/movie-amctv/1819.htm","was quickly pulled from theaters when the company that produced it went bankrupt. Eventually, however, it made its was to home video and DVD."
"/media/Dados/bases/SWDE/movie/movie-amctv/1866.htm",died during production -- hence the posthumous credit.
"/media/Dados/bases/SWDE/movie/movie-amctv/1008.htm",unfolds his story with directness and simplicity.
"/media/Dados/bases/SWDE/movie/movie-amctv/1525.htm","), a young actor sneaking his wife, Sarah ("
"/media/Dados/bases/SWDE/movie/movie-amctv/0149.htm",) and Australian transfer Sandy (
"/media/Dados/bases/SWDE/movie/movie-amctv/0707.htm","), older brother Ben ("
"/media/Dados/bases/SWDE/movie/movie-amctv/1822.htm",of
"/media/Dados/bases/SWDE/movie/movie-amctv/0084.htm",(based on
"/media/Dados/bases/SWDE/movie/movie-amctv/1531.htm","'s support could change her life, only to become violently enraged when the artist and his friends begin to turn away from her."
"/media/Dados/bases/SWDE/movie/movie-amctv/0204.htm","' heart. Alas, a secret government lab, populated by such smarmy types as"
"/media/Dados/bases/SWDE/movie/movie-amctv/1014.htm",", makes a return appearance when a gallery shows the sketches that he was making in the first film; rock singer"
"/media/Dados/bases/SWDE/movie/movie-amctv/1082.htm","), whose story turns out to be far more fascinating than Rick's. Meanwhile, Dobbs is himself pursued by female P.I. Stella Wynkowski ("
"/media/Dados/bases/SWDE/movie/movie-amctv/0419.htm","), Scott ("
"/media/Dados/bases/SWDE/movie/movie-amctv/1565.htm","), and tough single mother Chris Sanchez ("
"/media/Dados/bases/SWDE/movie/movie-amctv/0278.htm",vocalizes a narrative ballad of onscreen commentary in the
"/media/Dados/bases/SWDE/movie/movie-amctv/0725.htm","). Through his experiences in the pages of the legendary books, Richard confronts his phobias and learns to face life more courageously."
"/media/Dados/bases/SWDE/movie/movie-amctv/0104.htm",) and kindly old sheriff Sam
"/media/Dados/bases/SWDE/movie/movie-amctv/1957.htm",", and"
"/media/Dados/bases/SWDE/movie/movie-amctv/0613.htm","), who talks too much about his wealth. This later leads to a break-in at Ripley's posh Detroit estate by Miller, his brother-in-law Kenneth ("
"/media/Dados/bases/SWDE/movie/movie-amctv/0111.htm","'s play does cover several years, but this is usually forgotten or ignored by many actors and directors)."
"/media/Dados/bases/SWDE/movie/movie-amctv/1696.htm",). And John has parlayed his love of hot rods into a drag-racing career.
"/media/Dados/bases/SWDE/movie/movie-amctv/0371.htm",catches on to
"/media/Dados/bases/SWDE/movie/movie-amctv/0173.htm",and Thomas Browne Henry.
"/media/Dados/bases/SWDE/movie/movie-amctv/1391.htm","), and the killer all crossing paths."
"/media/Dados/bases/SWDE/movie/movie-amctv/0919.htm","at different ages,"
"/media/Dados/bases/SWDE/movie/movie-amctv/0795.htm","), and bisexual porn stars Gina and Stacy ("
"/media/Dados/bases/SWDE/movie/movie-amctv/1938.htm","has been accused of a sexual offense. To her amazement,"
"/media/Dados/bases/SWDE/movie/movie-amctv/1085.htm",was written by
"/media/Dados/bases/SWDE/movie/movie-amctv/0233.htm",) are trying to find four nuclear warheads that have disappeared from a former Soviet republic.
"/media/Dados/bases/SWDE/movie/movie-amctv/1614.htm",and
"/media/Dados/bases/SWDE/movie/movie-amctv/0140.htm","), the wife of his deceased war buddy. Arriving at a tumbledown hotel managed by Nora's father-in-law James Temple ("
"/media/Dados/bases/SWDE/movie/movie-amctv/0073.htm",and The Gamine strolling down a California highway towards new adventures. The plotline of
"/media/Dados/bases/SWDE/movie/movie-amctv/1759.htm","), Walter Shandy has an epiphany when he holds his newborn son; however, before that moment can occur, the film switches into the present day, where"
"/media/Dados/bases/SWDE/movie/movie-amctv/0666.htm",") with eyes for Cagney; and a gang of Latino bandits, led by"
"/media/Dados/bases/SWDE/movie/movie-amctv/0316.htm",) and Tweety (
"/media/Dados/bases/SWDE/movie/movie-amctv/1826.htm","'s experiences of working on Great Lake freighters while a grad student, the film centers on Dale ("
"/media/Dados/bases/SWDE/movie/movie-amctv/0905.htm",'s 1959 novel from which
"/media/Dados/bases/SWDE/movie/movie-amctv/0431.htm",") and their four children. Along with other settlers and river pirates, they run into mountain man Linus Rawlings ("
"/media/Dados/bases/SWDE/movie/movie-amctv/0385.htm",", Kieran's brother, as the young Igby."
"/media/Dados/bases/SWDE/movie/movie-amctv/1131.htm","'s Oscar win,"
"/media/Dados/bases/SWDE/movie/movie-amctv/0916.htm","), the mute, girl-chasing ""Professor"" ("
"/media/Dados/bases/SWDE/movie/movie-amctv/1348.htm","), a friend of Mack's secretary Dee ("
"/media/Dados/bases/SWDE/movie/movie-amctv/1669.htm",and produced by
"/media/Dados/bases/SWDE/movie/movie-amctv/1838.htm","(we say ""apparently"" because"
"/media/Dados/bases/SWDE/movie/movie-amctv/0556.htm",", a speechwriter for 1968 Presidential candidate Eugene McCarthy,"
"/media/Dados/bases/SWDE/movie/movie-amctv/1390.htm",and
"/media/Dados/bases/SWDE/movie/movie-amctv/1405.htm",and
"/media/Dados/bases/SWDE/movie/movie-amctv/1946.htm",earned worldwide critical and commercial acclaim.
"/media/Dados/bases/SWDE/movie/movie-amctv/0705.htm",", and"
"/media/Dados/bases/SWDE/movie/movie-amctv/0630.htm",", D-Knowledge and"
"/media/Dados/bases/SWDE/movie/movie-amctv/1156.htm",and
"/media/Dados/bases/SWDE/movie/movie-amctv/0615.htm","as Clarence's father,"
"/media/Dados/bases/SWDE/movie/movie-amctv/0591.htm",) set him up with her friend Marilyn (
"/media/Dados/bases/SWDE/movie/movie-amctv/1986.htm","), the American outpost captain. American helicopter pilot MacReady ("
"/media/Dados/bases/SWDE/movie/movie-amctv/0429.htm",'s screenplay and
"/media/Dados/bases/SWDE/movie/movie-amctv/0089.htm",) and murderous thief Bill Sykes (
"/media/Dados/bases/SWDE/movie/movie-amctv/0438.htm","(1958). So fascinating are the ""bad"" characters in"
"/media/Dados/bases/SWDE/movie/movie-amctv/0779.htm",as R. Alternative rock band
"/media/Dados/bases/SWDE/movie/movie-amctv/1429.htm",", creator of the popular TV shows"
"/media/Dados/bases/SWDE/movie/movie-amctv/1857.htm",. When Thavi (
"/media/Dados/bases/SWDE/movie/movie-amctv/0696.htm","), who started out life as his brother."
"/media/Dados/bases/SWDE/movie/movie-amctv/0153.htm",won Sally Field her second Academy Award.
"/media/Dados/bases/SWDE/movie/movie-amctv/0474.htm","), to free Karras' soul and stop the murders."
"/media/Dados/bases/SWDE/movie/movie-amctv/0577.htm",) and Marianne (voice of
"/media/Dados/bases/SWDE/movie/movie-amctv/1080.htm","discovers that the girl has been abducted by a genuine, bonafide sorceror ("
"/media/Dados/bases/SWDE/movie/movie-amctv/0703.htm",and
"/media/Dados/bases/SWDE/movie/movie-amctv/0032.htm",", followed in 1988."
"/media/Dados/bases/SWDE/movie/movie-amctv/0375.htm",'s photography makes this a feast for the eyes.
"/media/Dados/bases/SWDE/movie/movie-amctv/0287.htm","), a luscious blonde named Alice who looks exactly like Renee."
"/media/Dados/bases/SWDE/movie/movie-amctv/0057.htm",was scripted by
"/media/Dados/bases/SWDE/movie/movie-amctv/0210.htm","fable The Ant and the Grasshopper, made as a cartoon-short by the one-and-only,"
"/media/Dados/bases/SWDE/movie/movie-amctv/0229.htm",). Lux has attracted the eye of a high-school Romeo named Trip (
"/media/Dados/bases/SWDE/movie/movie-amctv/1096.htm",and
"/media/Dados/bases/SWDE/movie/movie-amctv/0669.htm",", author of the Satanic Verses. After interviewing the author for a magazine article in 1995,"
"/media/Dados/bases/SWDE/movie/movie-amctv/1229.htm","; rock group Smash Mouth contribute a new version of ""I Wanna Be Like You"" to the soundtrack."
"/media/Dados/bases/SWDE/movie/movie-amctv/1100.htm","never speaks, so as to not to reveal her Texas accent)."
"/media/Dados/bases/SWDE/movie/movie-amctv/1217.htm","as Mandy Rice-Davies, and"
"/media/Dados/bases/SWDE/movie/movie-amctv/1676.htm","'s films, makes his directorial debut in"
"/media/Dados/bases/SWDE/movie/movie-amctv/0603.htm",") mourns the accidental death of her husband. After the liberation of France, she marries actor Costa ("
"/media/Dados/bases/SWDE/movie/movie-amctv/0310.htm","), and its embittered DJ ("
"/media/Dados/bases/SWDE/movie/movie-amctv/1585.htm",was based on an acclaimed novel by Alan Duff.
"/media/Dados/bases/SWDE/movie/movie-amctv/1446.htm","), and as the enraged father and husband begins tracking down his former friend, the line between victim and predator becomes increasingly blurred."
"/media/Dados/bases/SWDE/movie/movie-amctv/0865.htm",'s stark and evocative images.
"/media/Dados/bases/SWDE/movie/movie-amctv/1120.htm","), now wants to reveal the truth behind Liz's death."
"/media/Dados/bases/SWDE/movie/movie-amctv/1286.htm",", as well as"
"/media/Dados/bases/SWDE/movie/movie-amctv/1601.htm",star as the giant and his equally gigantic wife.
"/media/Dados/bases/SWDE/movie/movie-amctv/1287.htm","), who not only knows the wilds, but can talk to animals, which comes as quite a surprise to Spike (voice of"
"/media/Dados/bases/SWDE/movie/movie-amctv/0213.htm","boasted even more impressive special effects than the first film, though the acting and screenplay aren't always at the same level."
"/media/Dados/bases/SWDE/movie/movie-amctv/0775.htm",") and his son, Boba ("
"/media/Dados/bases/SWDE/movie/movie-amctv/1923.htm",", and"
"/media/Dados/bases/SWDE/movie/movie-amctv/1629.htm","), a plucky satyr known as ""Phil,"" the grown-up Hercules (voice of"
"/media/Dados/bases/SWDE/movie/movie-amctv/0296.htm","), who eventually sends four goons to assault Barry and get the money. This film was screened in competition at the 2002 Cannes Film Festival, where"
"/media/Dados/bases/SWDE/movie/movie-amctv/0536.htm",also features
"/media/Dados/bases/SWDE/movie/movie-amctv/0345.htm",and an uptight TV director (
"/media/Dados/bases/SWDE/movie/movie-amctv/1231.htm",and
"/media/Dados/bases/SWDE/movie/movie-amctv/1668.htm",for this screen adaptation of
"/media/Dados/bases/SWDE/movie/movie-amctv/0765.htm",based the character upon himself).
"/media/Dados/bases/SWDE/movie/movie-amctv/1465.htm",") to check a broken toilet, where he makes a horrifying discovery. He reports it to the manager Sneaky ("
"/media/Dados/bases/SWDE/movie/movie-amctv/1678.htm",or
"/media/Dados/bases/SWDE/movie/movie-amctv/1976.htm","), K-Mart ("
"/media/Dados/bases/SWDE/movie/movie-amctv/1224.htm","), who is sent to Switzerland to purchase a bank for his boss. Prince di Siracusa ("
"/media/Dados/bases/SWDE/movie/movie-amctv/0512.htm",) is a basketball player who believes the SAT exam is racist. Rounding out the group is gutsy Francesca (
"/media/Dados/bases/SWDE/movie/movie-amctv/0076.htm","in the 1954 and 1976 remakes. Jeered at by most of her family, Esther finds an ally in her crusty old grandma ("
"/media/Dados/bases/SWDE/movie/movie-amctv/0719.htm",", though that film was never officially released. (Fantastic Four creator"
"/media/Dados/bases/SWDE/movie/movie-amctv/1856.htm",) doesn't trust Percy's motives -- and his suspicion leads to tragedy.
"/media/Dados/bases/SWDE/movie/movie-amctv/1492.htm","used stock footage from Columbia's earlier Lost Horizon, the 1943"
"/media/Dados/bases/SWDE/movie/movie-amctv/1232.htm",and
"/media/Dados/bases/SWDE/movie/movie-amctv/0477.htm",as an erudite sex pervert. When
"/media/Dados/bases/SWDE/movie/movie-amctv/0463.htm","are placed under a curse. During the night,"
"/media/Dados/bases/SWDE/movie/movie-amctv/0353.htm",); or Randy (
"/media/Dados/bases/SWDE/movie/movie-amctv/0648.htm","as the Toad, and"
"/media/Dados/bases/SWDE/movie/movie-amctv/0342.htm","has an extended cameo as Williams' tart girlfriend, Mollie Malloy."
"/media/Dados/bases/SWDE/movie/movie-amctv/0133.htm",round out the cast.
"/media/Dados/bases/SWDE/movie/movie-amctv/1887.htm",(1980) and
"/media/Dados/bases/SWDE/movie/movie-amctv/1029.htm",) standing in his way.
"/media/Dados/bases/SWDE/movie/movie-amctv/0226.htm",in collaboration with former film critic
"/media/Dados/bases/SWDE/movie/movie-amctv/0531.htm",") to escape. They drift in a small open boat for days, only to return to the"
"/media/Dados/bases/SWDE/movie/movie-amctv/1708.htm",and
"/media/Dados/bases/SWDE/movie/movie-amctv/1588.htm","), daughter of the town judge. On an adventure one night, Tom and Huck stumble upon a murder in a graveyard. They see Injun Joe ("
"/media/Dados/bases/SWDE/movie/movie-amctv/0692.htm","), the desperate team may just live to see the morning after."
"/media/Dados/bases/SWDE/movie/movie-amctv/0113.htm",) had tearfully attempted to shoot her husband (
"/media/Dados/bases/SWDE/movie/movie-amctv/0350.htm",", this was later remade in 1949 as In the Good Old Summertime, and in 1998 as"
"/media/Dados/bases/SWDE/movie/movie-amctv/0634.htm",". As ridiculous as it sounds,"
"/media/Dados/bases/SWDE/movie/movie-amctv/1717.htm",", whose career spans stage, screen, and TV work as well as a screenplay credit for"
"/media/Dados/bases/SWDE/movie/movie-amctv/1143.htm",; the film has previously been loosely remade in 2001 as
"/media/Dados/bases/SWDE/movie/movie-amctv/1613.htm","was a commercial success, essentially proving that Disney animated features could succeed without the involvement of the company's founder."
"/media/Dados/bases/SWDE/movie/movie-amctv/0469.htm",", but was not able to finance the project until 1987. Except for"
"/media/Dados/bases/SWDE/movie/movie-amctv/1852.htm","), in the slums of Dublin. There seems to be no hope for their bleak existence until the children's grandfather ("
"/media/Dados/bases/SWDE/movie/movie-amctv/1190.htm","), and"
"/media/Dados/bases/SWDE/movie/movie-amctv/1630.htm","as Brian,"
"/media/Dados/bases/SWDE/movie/movie-amctv/1177.htm",). Filmmaker
"/media/Dados/bases/SWDE/movie/movie-amctv/0879.htm","as well as a host of highly respected scholars,"
"/media/Dados/bases/SWDE/movie/movie-amctv/0484.htm",", writer"
"/media/Dados/bases/SWDE/movie/movie-amctv/1790.htm",'s cameras follow
"/media/Dados/bases/SWDE/movie/movie-amctv/0599.htm","'s lead singer Marty Balin). In the film, we watch"
"/media/Dados/bases/SWDE/movie/movie-amctv/0721.htm","!), historians took"
"/media/Dados/bases/SWDE/movie/movie-amctv/0612.htm",ponies up half a million dollars. The original telecast of
"/media/Dados/bases/SWDE/movie/movie-amctv/0505.htm","strives to understand and appreciate his new Indian comrades, the pious protagonist of"
"/media/Dados/bases/SWDE/movie/movie-amctv/1553.htm",) and restore the life that was once his. Directed by
"/media/Dados/bases/SWDE/movie/movie-amctv/1927.htm","), and youngest son, Peter ("
"/media/Dados/bases/SWDE/movie/movie-amctv/1399.htm","on a magazine cover. Later, almost jokingly, Irving and his best friend Dick Suskind ("
"/media/Dados/bases/SWDE/movie/movie-amctv/0448.htm",as members of the operetta's cast.
"/media/Dados/bases/SWDE/movie/movie-amctv/0595.htm","), he meets Felicia's husband Lester ("
"/media/Dados/bases/SWDE/movie/movie-amctv/1512.htm","), and Best Supporting Actor ("
"/media/Dados/bases/SWDE/movie/movie-amctv/0189.htm","'s brilliant camerawork,"
"/media/Dados/bases/SWDE/movie/movie-amctv/1330.htm","), who has traveled to the coast of Italy, where he's living a carefree life with his father's money and his beautiful girlfriend, Marge ("
"/media/Dados/bases/SWDE/movie/movie-amctv/1188.htm",in
"/media/Dados/bases/SWDE/movie/movie-amctv/0828.htm","), encounters both cops and bad guys, and drifts through an elaborate bowling fantasy sequence titled"
"/media/Dados/bases/SWDE/movie/movie-amctv/1477.htm","appears as his love interest and partner, Rachel."
"/media/Dados/bases/SWDE/movie/movie-amctv/0925.htm",'s classic samurai picture
"/media/Dados/bases/SWDE/movie/movie-amctv/1892.htm",). They are reunited two years later during the presidential campaign of Abraham Lincoln (
"/media/Dados/bases/SWDE/movie/movie-amctv/1699.htm",decided to use the original
"/media/Dados/bases/SWDE/movie/movie-amctv/0967.htm",", who plays an ""idle rich"" family friend in"
"/media/Dados/bases/SWDE/movie/movie-amctv/1010.htm","as the ghost of Hamlet's father,"
"/media/Dados/bases/SWDE/movie/movie-amctv/1243.htm","'s ""social statement"" films,"
"/media/Dados/bases/SWDE/movie/movie-amctv/0102.htm","was nominated for several Academy Awards, scoring wins in the categories of Best Supporting Actress ("
"/media/Dados/bases/SWDE/movie/movie-amctv/0545.htm",", who was himself blacklisted during the 1950s, as were co-stars"
"/media/Dados/bases/SWDE/movie/movie-amctv/0193.htm","was the first part of Levinson's ""Baltimore Trilogy,"" followed by Tin Men (1987) and"
"/media/Dados/bases/SWDE/movie/movie-amctv/0344.htm",. The film was based on
"/media/Dados/bases/SWDE/movie/movie-amctv/0382.htm",appearing in 1997.
"/media/Dados/bases/SWDE/movie/movie-amctv/0075.htm",included
"/media/Dados/bases/SWDE/movie/movie-amctv/0092.htm",", and"
"/media/Dados/bases/SWDE/movie/movie-amctv/0755.htm","has a high old time in the dual role of hard-hearted landowner Harrison and grizzled, one-legged old prospector Spur. Previously filmed in 1920,"
"/media/Dados/bases/SWDE/movie/movie-amctv/1875.htm",and her gigolo partner
"/media/Dados/bases/SWDE/movie/movie-amctv/0335.htm",", conspire to help the priest escape. Once"
"/media/Dados/bases/SWDE/movie/movie-amctv/1536.htm",) and sorrow (a nervous breakdown brought on by overwork and a great deal of stress to a marriage that endured -- but just barely).
"/media/Dados/bases/SWDE/movie/movie-amctv/0576.htm",franchise.
"/media/Dados/bases/SWDE/movie/movie-amctv/1549.htm",also appeared together in
"/media/Dados/bases/SWDE/movie/movie-amctv/1843.htm",'s character may have worked against
"/media/Dados/bases/SWDE/movie/movie-amctv/1331.htm",) and Otis (
"/media/Dados/bases/SWDE/movie/movie-amctv/1521.htm","), and law problems with street toughs Stone ("
"/media/Dados/bases/SWDE/movie/movie-amctv/1055.htm","disappointment in the world is paralleled with the sorry lot of the wives of the local coal miners, who have adapted to their lives--something"
"/media/Dados/bases/SWDE/movie/movie-amctv/0508.htm",) and a social worker (
"/media/Dados/bases/SWDE/movie/movie-amctv/0822.htm","). At the same time, the Seeling family is confronted with their daughter Rachel's (Kyra Sedwick) lesbianism, when she brings home her lover Carla ("
"/media/Dados/bases/SWDE/movie/movie-amctv/0602.htm",). But Susanna soon learns that getting out of the hospital is not as easy as getting in.
"/media/Dados/bases/SWDE/movie/movie-amctv/1862.htm","'s New World Pictures, with ads touting Kessner as champion of the 1981 Black Belt Olympics."
"/media/Dados/bases/SWDE/movie/movie-amctv/0124.htm",from a narrative poem by
"/media/Dados/bases/SWDE/movie/movie-amctv/0156.htm",", who replaced"
"/media/Dados/bases/SWDE/movie/movie-amctv/0924.htm",. Though it may sound like a
"/media/Dados/bases/SWDE/movie/movie-amctv/1136.htm",", who wrote the scores for countless Disney movies, including"
"/media/Dados/bases/SWDE/movie/movie-amctv/0079.htm","), a talentless waitress painfully humiliated at her first singing gig; Albuquerque ("
"/media/Dados/bases/SWDE/movie/movie-amctv/0786.htm",are among the costars in this effective update (though not a remake) of 1950's
"/media/Dados/bases/SWDE/movie/movie-amctv/1329.htm","), the bar owner and the men's co-worker from the shipyard days. Despite its depressing subject and downbeat mood,"
"/media/Dados/bases/SWDE/movie/movie-amctv/1315.htm","(1980),"
"/media/Dados/bases/SWDE/movie/movie-amctv/0009.htm",'s camerawork and
"/media/Dados/bases/SWDE/movie/movie-amctv/0400.htm",") have brought their families to Beverly Hills for a vacation which takes on nightmarish tone. Finally, Marvin Michaels ("
"/media/Dados/bases/SWDE/movie/movie-amctv/0906.htm",", and"
"/media/Dados/bases/SWDE/movie/movie-amctv/0436.htm","' efforts to make a life for himself in his new home and his sense of wonder at the possibilities of life in New York City. Completed in 1976,"
"/media/Dados/bases/SWDE/movie/movie-amctv/0671.htm",'s death.
"/media/Dados/bases/SWDE/movie/movie-amctv/0708.htm",plays Jack's former employee Audrey and
"/media/Dados/bases/SWDE/movie/movie-amctv/0965.htm",is recounted in a much less complex and flamboyant manner and is a relatively reverent study of the life and work of Austrian composer
"/media/Dados/bases/SWDE/movie/movie-amctv/1108.htm","'s film,"
"/media/Dados/bases/SWDE/movie/movie-amctv/1829.htm",both deliver fine performances and are a believable (if unconventional) romantic couple; D'Onofrio also co-produced.
"/media/Dados/bases/SWDE/movie/movie-amctv/1044.htm",'s victims and their families discuss his crimes and the repercussions they feel to this day.
"/media/Dados/bases/SWDE/movie/movie-amctv/1388.htm",). Nicholas joins them and attracts the attention of Martin's sister Sarah (
"/media/Dados/bases/SWDE/movie/movie-amctv/0968.htm",", who has lost her family in a Middle Eastern desert. Also starring"
"/media/Dados/bases/SWDE/movie/movie-amctv/0526.htm",). Sir Thomas willingly goes to the chopping block rather than sacrifice his ideals. Director
"/media/Dados/bases/SWDE/movie/movie-amctv/0997.htm",) has been having second thoughts about her marriage to the often enigmatic art dealer Charlie (
"/media/Dados/bases/SWDE/movie/movie-amctv/0270.htm",and
"/media/Dados/bases/SWDE/movie/movie-amctv/1572.htm",'s music adds an accompaniment to the lush look of this period romance.
"/media/Dados/bases/SWDE/movie/movie-amctv/1742.htm",and writer
"/media/Dados/bases/SWDE/movie/movie-amctv/0428.htm","'s eloquent fingers."""
"/media/Dados/bases/SWDE/movie/movie-amctv/1987.htm",) to remove Queen Anne (
"/media/Dados/bases/SWDE/movie/movie-amctv/0859.htm",and
"/media/Dados/bases/SWDE/movie/movie-amctv/0547.htm","), and Shere Khan himself -- before making it to the village of humans."
"/media/Dados/bases/SWDE/movie/movie-amctv/1568.htm",) gathers a powerful resistance in preparation for the ultimate war against humankind.
"/media/Dados/bases/SWDE/movie/movie-amctv/0614.htm",", both first-rate character actors, are cast in rare leading roles, and"
"/media/Dados/bases/SWDE/movie/movie-amctv/0309.htm","), an insurance adjuster who enjoys sleeping with his clients, and his wife, Hera ("
"/media/Dados/bases/SWDE/movie/movie-amctv/0261.htm",") is a fresh-faced Border Patrol officer in Cibolo County, TX, whose dedication to his new job leaves his lonely wife, Lou Ann ("
"/media/Dados/bases/SWDE/movie/movie-amctv/0064.htm",", who were given their Oscars under the table."
"/media/Dados/bases/SWDE/movie/movie-amctv/1496.htm",", we hear the accounts of five survivors of the ""cleansing"" of Hungary."
"/media/Dados/bases/SWDE/movie/movie-amctv/0976.htm",) who solves everyone's problems by eliminating a particularly scabrous detective named Blick (
"/media/Dados/bases/SWDE/movie/movie-amctv/1823.htm","). Meanwhile, the trio has to come to terms with two cases of sexual orientation: Latrelle's openly gay soap-opera star son Ty ("
"/media/Dados/bases/SWDE/movie/movie-amctv/1739.htm","co-stars as Larry Donner, a creative-writing professor, saddled with a vituperative, thoroughly despicable ex-wife, Margaret ("
"/media/Dados/bases/SWDE/movie/movie-amctv/0198.htm","), who carries a torch for Lee, who in turn lives with pompous Soho artist Frederick ("
"/media/Dados/bases/SWDE/movie/movie-amctv/0894.htm","), he locates the whereabouts of Snow White, changes into the form of a dragon, and goes out hunting. While all this is going on, Snow White (voice of"
"/media/Dados/bases/SWDE/movie/movie-amctv/1407.htm","is excellent as Anne, and"
"/media/Dados/bases/SWDE/movie/movie-amctv/0866.htm",produced the film) and daughter (
"/media/Dados/bases/SWDE/movie/movie-amctv/1081.htm",from the evil designs of crooked
"/media/Dados/bases/SWDE/movie/movie-amctv/0432.htm",and
"/media/Dados/bases/SWDE/movie/movie-amctv/0230.htm","), a sleazy self-help expert ("
"/media/Dados/bases/SWDE/movie/movie-amctv/1888.htm","league, does a splendid job."
"/media/Dados/bases/SWDE/movie/movie-amctv/0608.htm","had given him the biggest budget of his career, and he found himself working with a star of"
"/media/Dados/bases/SWDE/movie/movie-amctv/0857.htm",). This 1994 release also marks the feature directorial debut of
"/media/Dados/bases/SWDE/movie/movie-amctv/1825.htm",) and son Kevin (
"/media/Dados/bases/SWDE/movie/movie-amctv/0631.htm",spend the next few weeks getting in each other's way and fighting like cats and dogs. The wind is taken out of
"/media/Dados/bases/SWDE/movie/movie-amctv/0723.htm",) and Subota (
"/media/Dados/bases/SWDE/movie/movie-amctv/0150.htm",and
"/media/Dados/bases/SWDE/movie/movie-amctv/0778.htm",", creator of the comic book series The Tick. Other members of the voice cast include"
"/media/Dados/bases/SWDE/movie/movie-amctv/0399.htm",and
"/media/Dados/bases/SWDE/movie/movie-amctv/1754.htm",was consumed by guilt for having so many amazing opportunities in the film industry and determined to give
"/media/Dados/bases/SWDE/movie/movie-amctv/0299.htm",", though it is ""common knowledge"" that she's"
"/media/Dados/bases/SWDE/movie/movie-amctv/0060.htm",") has fallen in love with ""Daphne."" The plot gets even thicker when Spats Columbo and his boys show up in Florida. Nominated for several Oscars,"
"/media/Dados/bases/SWDE/movie/movie-amctv/0780.htm",and
"/media/Dados/bases/SWDE/movie/movie-amctv/1216.htm",") that parallels Brad's increasing frustration with his inability to pass the bar and connect with his wife, Kathy ("
"/media/Dados/bases/SWDE/movie/movie-amctv/1187.htm",was honored with the Golden Palm award at the Cannes Film Festival.
"/media/Dados/bases/SWDE/movie/movie-amctv/0024.htm","), a rich widow ("
"/media/Dados/bases/SWDE/movie/movie-amctv/1194.htm",dealt with the same subject matter in his narrative film
"/media/Dados/bases/SWDE/movie/movie-amctv/0280.htm",was the directorial debut of
"/media/Dados/bases/SWDE/movie/movie-amctv/1421.htm","), and a matronly ladybug (voiced by"
"/media/Dados/bases/SWDE/movie/movie-amctv/1195.htm",", who spent eight years in prison on marijuana charges."
"/media/Dados/bases/SWDE/movie/movie-amctv/1178.htm","), a Navy brat whose father is on alert for the duration of the crisis; Stan ("
"/media/Dados/bases/SWDE/movie/movie-amctv/0992.htm","), and Jack's thugs Rudy ("
"/media/Dados/bases/SWDE/movie/movie-amctv/1459.htm","), Doctor Bessner ("
"/media/Dados/bases/SWDE/movie/movie-amctv/0620.htm",'s career.
"/media/Dados/bases/SWDE/movie/movie-amctv/1128.htm",", another"
"/media/Dados/bases/SWDE/movie/movie-amctv/1883.htm","), with whom she is having an affair. After seeing Isa, Jerald heads off to visit Linda ("
"/media/Dados/bases/SWDE/movie/movie-amctv/0735.htm","), who accompanies her on the far-reaching and treacherous quest to save her kind."
"/media/Dados/bases/SWDE/movie/movie-amctv/0863.htm",). Included in the impressive cast are such soon-to-be-famous names as
"/media/Dados/bases/SWDE/movie/movie-amctv/0295.htm",) also features the real
"/media/Dados/bases/SWDE/movie/movie-amctv/1954.htm",on a latter-day acting career wherein he spent most of his time playing variations of Kingsfield.
"/media/Dados/bases/SWDE/movie/movie-amctv/1012.htm",", as well as"
"/media/Dados/bases/SWDE/movie/movie-amctv/1993.htm","argue over teaching methods, while their students vie for the affections of"
"/media/Dados/bases/SWDE/movie/movie-amctv/0393.htm",) to dirty politician Jack Benyon (
"/media/Dados/bases/SWDE/movie/movie-amctv/0485.htm",'s leading man
"/media/Dados/bases/SWDE/movie/movie-amctv/0114.htm",). Two of Mookie's best friends are Radio Raheem (
"/media/Dados/bases/SWDE/movie/movie-amctv/0623.htm","), where he got an education in one-liners. Paulie and Ivy ("
"/media/Dados/bases/SWDE/movie/movie-amctv/1164.htm",had provided the acclaimed scores for
"/media/Dados/bases/SWDE/movie/movie-amctv/0109.htm","'s singing, incidentally, is dubbed for the most part by the ubiquitous"
"/media/Dados/bases/SWDE/movie/movie-amctv/1784.htm","), an aging biker with no happy memories of Don; and Carmen ("
"/media/Dados/bases/SWDE/movie/movie-amctv/1325.htm",appears in a supporting role as P.J.'s partner and girlfriend.
"/media/Dados/bases/SWDE/movie/movie-amctv/1272.htm",") arrives with her so-called manager, Bob ("
"/media/Dados/bases/SWDE/movie/movie-amctv/1420.htm",", and"
"/media/Dados/bases/SWDE/movie/movie-amctv/0628.htm",") is in failing health, and the life-long"
"/media/Dados/bases/SWDE/movie/movie-amctv/0366.htm",", and"
"/media/Dados/bases/SWDE/movie/movie-amctv/0739.htm",and
"/media/Dados/bases/SWDE/movie/movie-amctv/1594.htm",". The telecast was so popular that it was repeated, again live, the following year. Blessedly,"
"/media/Dados/bases/SWDE/movie/movie-amctv/1686.htm","), comes looking for her, however, her memory is jogged, and she must decide between a life of privileged ease and a life of happy housework."
"/media/Dados/bases/SWDE/movie/movie-amctv/1203.htm",as
"/media/Dados/bases/SWDE/movie/movie-amctv/1799.htm",) and handyman Rowlie (
"/media/Dados/bases/SWDE/movie/movie-amctv/1309.htm",) who is both a hairdresser and a skilled fighter.
"/media/Dados/bases/SWDE/movie/movie-amctv/0524.htm",appears as Laura's gentleman caller.
"/media/Dados/bases/SWDE/movie/movie-amctv/0239.htm",remains one of
"/media/Dados/bases/SWDE/movie/movie-amctv/0891.htm",scribe
"/media/Dados/bases/SWDE/movie/movie-amctv/1112.htm","), Tyler fends off the correspondence-school crooks who want the money that he has accidentally stolen from them."
"/media/Dados/bases/SWDE/movie/movie-amctv/0283.htm","), an older actress who knew Jenny and reminds Wilson of how little he really did for his daughter while she was alive."
"/media/Dados/bases/SWDE/movie/movie-amctv/1746.htm",). Each sister is in turmoil. Teri has lost patience for her husband Miles (
"/media/Dados/bases/SWDE/movie/movie-amctv/0586.htm","return from the first film, which was shot at the same time as parts of the sequel."
"/media/Dados/bases/SWDE/movie/movie-amctv/0372.htm","gives a marvelous performance as an independent, sensual and intriguing femme fatale;"
"/media/Dados/bases/SWDE/movie/movie-amctv/0581.htm",starring
"/media/Dados/bases/SWDE/movie/movie-amctv/1832.htm",also star.
"/media/Dados/bases/SWDE/movie/movie-amctv/1971.htm","). Unfortunately, a wayward, forest-dwelling vagrant ("
"/media/Dados/bases/SWDE/movie/movie-amctv/0969.htm",", which told the story of"
"/media/Dados/bases/SWDE/movie/movie-amctv/0222.htm","). Meanwhile, Agent Smith ("
"/media/Dados/bases/SWDE/movie/movie-amctv/0519.htm",as MacGraw's adenoidal younger brother.
"/media/Dados/bases/SWDE/movie/movie-amctv/1207.htm","). When the sheriff turns up dead, the Elder boys are blamed for the murder. Deputy Sheriff Ben Latta ("
"/media/Dados/bases/SWDE/movie/movie-amctv/1711.htm",and screenwriter
"/media/Dados/bases/SWDE/movie/movie-amctv/1816.htm","). The youngest of the Marks sisters, Annie ("
"/media/Dados/bases/SWDE/movie/movie-amctv/1349.htm","'s previous directorial outing,"
"/media/Dados/bases/SWDE/movie/movie-amctv/0384.htm",") who trust their daughter's judgment, and a best friend named Leah ("
"/media/Dados/bases/SWDE/movie/movie-amctv/0005.htm",", eventually replaced by"
"/media/Dados/bases/SWDE/movie/movie-amctv/1509.htm",", he demands an immediate divorce and custody of their daughter. This film was screened in competition at the 2000 Cannes Film Festival."
"/media/Dados/bases/SWDE/movie/movie-amctv/0443.htm",was inspired by a standard three-act stage comedy by
"/media/Dados/bases/SWDE/movie/movie-amctv/0888.htm","), a young boy living in 1940s Indiana, desperately yearning for a Red Rider BB gun for Christmas. Despite protests from his mother ("
"/media/Dados/bases/SWDE/movie/movie-amctv/0500.htm",and
"/media/Dados/bases/SWDE/movie/movie-amctv/0558.htm","). Judy's shy younger brother, Carlos ("
"/media/Dados/bases/SWDE/movie/movie-amctv/1695.htm","), Kevin ("
"/media/Dados/bases/SWDE/movie/movie-amctv/1174.htm",) and Alex's embittered ex-girlfriend Nicole (
"/media/Dados/bases/SWDE/movie/movie-amctv/0971.htm",and
"/media/Dados/bases/SWDE/movie/movie-amctv/0909.htm","), replaces her father to guide the expedition, accompanied by her fiancé, Terry Granville ("
"/media/Dados/bases/SWDE/movie/movie-amctv/1761.htm",'s
"/media/Dados/bases/SWDE/movie/movie-amctv/0605.htm","was also nominated for an Academy Award for his extraordinary, off-beat, direction of this sophisticated, exceptionally intelligent legal drama."
"/media/Dados/bases/SWDE/movie/movie-amctv/0979.htm",and
"/media/Dados/bases/SWDE/movie/movie-amctv/1934.htm",", and even a lucrative offer from racing giants Royalton Industries isn't enough to get the young ace to break his family ties."
"/media/Dados/bases/SWDE/movie/movie-amctv/1154.htm",) and Paul's agent (
"/media/Dados/bases/SWDE/movie/movie-amctv/1484.htm","), and Tommy ("
"/media/Dados/bases/SWDE/movie/movie-amctv/1524.htm",) is a witty and flamboyant enthusiast of the Broadway theater who describes his greatest fear as a production of The King and I starring
"/media/Dados/bases/SWDE/movie/movie-amctv/1611.htm",features a handful of original songs composed for the film by surfer-turned-singer/songwriter
"/media/Dados/bases/SWDE/movie/movie-amctv/0228.htm","), though Ben sees a future in the relationship and Janey does not. Elena ("
"/media/Dados/bases/SWDE/movie/movie-amctv/0172.htm",was so popular that a somewhat longer version (with added violence and profanity) was prepared for theatrical release in 1983.
"/media/Dados/bases/SWDE/movie/movie-amctv/0460.htm",) and Cesar Sota (
"/media/Dados/bases/SWDE/movie/movie-amctv/0852.htm","); and his lady friend, iconoclastic art student Adrienne ("
"/media/Dados/bases/SWDE/movie/movie-amctv/1922.htm","and various religious organizations,"
"/media/Dados/bases/SWDE/movie/movie-amctv/1339.htm",) got hold of the wedding cash and lost it to Billy Munucci (
"/media/Dados/bases/SWDE/movie/movie-amctv/1236.htm",", and"
"/media/Dados/bases/SWDE/movie/movie-amctv/0899.htm","' cast, Aldo Silvano ("
"/media/Dados/bases/SWDE/movie/movie-amctv/1280.htm",co-stars as the wacky dentist Dr. Terminus.
"/media/Dados/bases/SWDE/movie/movie-amctv/1656.htm",", including"
"/media/Dados/bases/SWDE/movie/movie-amctv/0021.htm",). Abetted by such other hedonists as Duke Forrest (
"/media/Dados/bases/SWDE/movie/movie-amctv/1409.htm",also features supporting performances from
"/media/Dados/bases/SWDE/movie/movie-amctv/1657.htm","), who has signed with the Fleet Academy to become a starship pilot. Johnny joins other boot-camp recruits -- Dizzy Flores ("
"/media/Dados/bases/SWDE/movie/movie-amctv/1341.htm","), as a drug mule, his criminal stepfather, Stan ("
"/media/Dados/bases/SWDE/movie/movie-amctv/1227.htm",creates several fire-breathing perils along the same lines as
"/media/Dados/bases/SWDE/movie/movie-amctv/1117.htm",vehicle of the same name) deals with a newlywed woman who is adversely affected by the full moon. The comedy team of
"/media/Dados/bases/SWDE/movie/movie-amctv/1570.htm",'s third go-round in an
"/media/Dados/bases/SWDE/movie/movie-amctv/0922.htm",'s actress wife
"/media/Dados/bases/SWDE/movie/movie-amctv/0996.htm","), hears a sermon by Father Mapple ("
"/media/Dados/bases/SWDE/movie/movie-amctv/0440.htm","systematically questions the ideological power of images by combining documentary techniques such as ""talking heads"" and"
"/media/Dados/bases/SWDE/movie/movie-amctv/0609.htm",) enjoys hunting with his father Nathan (
"/media/Dados/bases/SWDE/movie/movie-amctv/0496.htm","plays nebbishy Seymour Krelborn, who works in a rundown flower shop on Skid Row. While his boss ("
"/media/Dados/bases/SWDE/movie/movie-amctv/0754.htm","plays Tom, a teenager who teams with a black gunfighter named Isaac ("
"/media/Dados/bases/SWDE/movie/movie-amctv/0497.htm",and
"/media/Dados/bases/SWDE/movie/movie-amctv/0766.htm",) and his son
"/media/Dados/bases/SWDE/movie/movie-amctv/0020.htm",") is a hired killer and Charnier's right-hand man. Acting on a hunch, Popeye and Buddy start tailing Sal Boca ("
"/media/Dados/bases/SWDE/movie/movie-amctv/0441.htm","becomes pregnant, a contingency which brings out the absolute worst in"
"/media/Dados/bases/SWDE/movie/movie-amctv/0457.htm",and
"/media/Dados/bases/SWDE/movie/movie-amctv/1019.htm",in drag) reminds her that she doesn't look like the girls on that show. After impressing the show's host (
"/media/Dados/bases/SWDE/movie/movie-amctv/1242.htm","as Mr. King, Heaven's no-nonsense manager, and"
"/media/Dados/bases/SWDE/movie/movie-amctv/1579.htm","also stars as Cindy, Caroline's sassy comic-relief-providing co-worker."
"/media/Dados/bases/SWDE/movie/movie-amctv/0560.htm","(aka Pee-Wee Herman),"
"/media/Dados/bases/SWDE/movie/movie-amctv/1915.htm","), to rescue the real King, whom they have raised from infancy. Director"
"/media/Dados/bases/SWDE/movie/movie-amctv/1253.htm",and
"/media/Dados/bases/SWDE/movie/movie-amctv/1344.htm","'s ""room to let"" newspaper ad. The wife inadvertently ingests"
"/media/Dados/bases/SWDE/movie/movie-amctv/0248.htm",) a formidable mutant instilled with many powers.
"/media/Dados/bases/SWDE/movie/movie-amctv/1261.htm",) and Uncle Elroy (
"/media/Dados/bases/SWDE/movie/movie-amctv/0105.htm",into the beyond in the original
"/media/Dados/bases/SWDE/movie/movie-amctv/1905.htm",is that a 30-year old
"/media/Dados/bases/SWDE/movie/movie-amctv/1155.htm",in
"/media/Dados/bases/SWDE/movie/movie-amctv/0584.htm","), and he's been targeted for assassination. It's a toss-up as to what is the most entertaining aspect of"
"/media/Dados/bases/SWDE/movie/movie-amctv/1430.htm",in the title role.
"/media/Dados/bases/SWDE/movie/movie-amctv/1186.htm",) must suffer such antagonists as rich-bitch Mrs. Deagle (
"/media/Dados/bases/SWDE/movie/movie-amctv/1347.htm",and
"/media/Dados/bases/SWDE/movie/movie-amctv/0341.htm",updated the original material.
"/media/Dados/bases/SWDE/movie/movie-amctv/0099.htm",) and fey hitmen Wint (
"/media/Dados/bases/SWDE/movie/movie-amctv/0551.htm",and
"/media/Dados/bases/SWDE/movie/movie-amctv/1591.htm",was later spun off into a Saturday-morning cartoon series.
"/media/Dados/bases/SWDE/movie/movie-amctv/1891.htm",won a Best Foreign Language Film Oscar as well as a French César award for Best Score (by
"/media/Dados/bases/SWDE/movie/movie-amctv/1452.htm","), who is all the more susceptible to Cady's advances because of her parents' problems."
"/media/Dados/bases/SWDE/movie/movie-amctv/1900.htm",. The beauty part of
"/media/Dados/bases/SWDE/movie/movie-amctv/0415.htm",with
"/media/Dados/bases/SWDE/movie/movie-amctv/0336.htm","), goes to private detective Nick Charles ("
"/media/Dados/bases/SWDE/movie/movie-amctv/1491.htm",) and cattle baron Chisum (
"/media/Dados/bases/SWDE/movie/movie-amctv/0135.htm",transformed the Hollywood gangster movie into metaphorical epics about the Mafia and capitalism in
"/media/Dados/bases/SWDE/movie/movie-amctv/0097.htm","'s last outings as James Bond. The next Bond film,"
"/media/Dados/bases/SWDE/movie/movie-amctv/1863.htm",are very good at what they do).
"/media/Dados/bases/SWDE/movie/movie-amctv/0277.htm",) he trained after weapons dealer Owen Davian (
"/media/Dados/bases/SWDE/movie/movie-amctv/0125.htm",", who debuted with the acclaimed independent feature"
"/media/Dados/bases/SWDE/movie/movie-amctv/0317.htm",) who is beaten by his soon-to-be father-in-law Big Joe (
"/media/Dados/bases/SWDE/movie/movie-amctv/0911.htm",", was abandoned just before the scene was shot."
"/media/Dados/bases/SWDE/movie/movie-amctv/0300.htm",' first feature. A protégé of
"/media/Dados/bases/SWDE/movie/movie-amctv/0263.htm",'s Academy Award-winning
"/media/Dados/bases/SWDE/movie/movie-amctv/0453.htm","), and flamboyantly un-closeted homosexual Bernstein ("
"/media/Dados/bases/SWDE/movie/movie-amctv/0100.htm",) to Felix's daughter Hannah (
"/media/Dados/bases/SWDE/movie/movie-amctv/1124.htm",and
"/media/Dados/bases/SWDE/movie/movie-amctv/0926.htm",) falls in love with village lass Fiona Campbell (
"/media/Dados/bases/SWDE/movie/movie-amctv/0760.htm",) has married Tommy (
"/media/Dados/bases/SWDE/movie/movie-amctv/1690.htm",plots her hubby's demise.
"/media/Dados/bases/SWDE/movie/movie-amctv/0601.htm",creator
"/media/Dados/bases/SWDE/movie/movie-amctv/0937.htm",would further develop some of the subliminal themes in
"/media/Dados/bases/SWDE/movie/movie-amctv/1377.htm",concerns the parallel coming-of-age stories of the thirtysomething Will (
"/media/Dados/bases/SWDE/movie/movie-amctv/0627.htm",) and Timothy Broom (
"/media/Dados/bases/SWDE/movie/movie-amctv/0935.htm",was based on the book of the same name by
"/media/Dados/bases/SWDE/movie/movie-amctv/1860.htm",", who also played Markus; it was his first feature film."
"/media/Dados/bases/SWDE/movie/movie-amctv/0563.htm",has also been released as
"/media/Dados/bases/SWDE/movie/movie-amctv/0298.htm",", and"
"/media/Dados/bases/SWDE/movie/movie-amctv/0449.htm",proved less than glorious at the box office.
"/media/Dados/bases/SWDE/movie/movie-amctv/0978.htm","as Sonya, and"
"/media/Dados/bases/SWDE/movie/movie-amctv/0074.htm","to the screen, Warners scenarist"
"/media/Dados/bases/SWDE/movie/movie-amctv/0855.htm",star
"/media/Dados/bases/SWDE/movie/movie-amctv/0565.htm","), who admires Grimm for his audacity, and Loomis ("
"/media/Dados/bases/SWDE/movie/movie-amctv/1586.htm",) and Tom (
"/media/Dados/bases/SWDE/movie/movie-amctv/1434.htm","), a writer from America who shares Anaïs' passion for both eros and literature; she is later introduced to June ("
"/media/Dados/bases/SWDE/movie/movie-amctv/1800.htm","plays a short-order cook at a London Wimpyburger restaurant, who falls hopelessly in love with waitress"
"/media/Dados/bases/SWDE/movie/movie-amctv/1640.htm",repeating the title role during the series' first 24 episodes.
"/media/Dados/bases/SWDE/movie/movie-amctv/0668.htm","); his ex-wife, a professional matchmaker ("
"/media/Dados/bases/SWDE/movie/movie-amctv/0215.htm",from a booby-trapped toilet seat. Director
"/media/Dados/bases/SWDE/movie/movie-amctv/1116.htm","), the obsessive ""Cat Woman"" in the earlier film. Oliver's second wife Alice ("
"/media/Dados/bases/SWDE/movie/movie-amctv/0619.htm",). There's no sugarcoating in
"/media/Dados/bases/SWDE/movie/movie-amctv/1693.htm","). On this occasion, the spirits materializing for Scrooge's benefit include"
"/media/Dados/bases/SWDE/movie/movie-amctv/1004.htm",) and Max's son Jacob (
"/media/Dados/bases/SWDE/movie/movie-amctv/0136.htm",) and spacy Vera (
"/media/Dados/bases/SWDE/movie/movie-amctv/1908.htm",and
"/media/Dados/bases/SWDE/movie/movie-amctv/0533.htm",swashbuckler
"/media/Dados/bases/SWDE/movie/movie-amctv/1928.htm",'s costume design and
"/media/Dados/bases/SWDE/movie/movie-amctv/0451.htm","), with the help of his boys Ludie ("
"/media/Dados/bases/SWDE/movie/movie-amctv/1812.htm",", this film also features"
"/media/Dados/bases/SWDE/movie/movie-amctv/1718.htm",", Super Furry Animals,"
"/media/Dados/bases/SWDE/movie/movie-amctv/0691.htm",'s immigrant parents (Elsa Jansen and
"/media/Dados/bases/SWDE/movie/movie-amctv/0180.htm",has agreed--for a hefty sum--to take the rap for a gangland rubout. Mob henchman
"/media/Dados/bases/SWDE/movie/movie-amctv/1546.htm",) who support themselves by dealing blotter acid daubed onto pictures of
"/media/Dados/bases/SWDE/movie/movie-amctv/0921.htm",", who had recently changed his name from his given name of"
"/media/Dados/bases/SWDE/movie/movie-amctv/0143.htm","'s complex performance as the honest, long-haired whistleblower. One year after his star-making triumph in"
"/media/Dados/bases/SWDE/movie/movie-amctv/1221.htm",with her second husband Alan Campbell (
"/media/Dados/bases/SWDE/movie/movie-amctv/0123.htm",) first gained favor in the court of Austrian emperor Joseph II (
