URL,EXTRACTED VALUE
"/media/Dados/bases/SWDE/job/job-monster/0480.htm",in this challenging and critically important role.
"/media/Dados/bases/SWDE/job/job-monster/0413.htm",Email:
